timestamp,rtp_timestamp,first_packet_departure,estimated_first_packet_departure,first_packet_arrival,last_packet_arrival,render,encode_ms,pacing_ms,network_ms,estimated_network_ms,decode_ms,frame_construction_delay_ms,inter_frame_delay_ms,inter_frame_departure_ms,frame_jitter_ms,encoded_size,height,width,min_rtt,avail_bw,is_keyframe,frame_type
432332034,172597931,-1,432332038,432332034,432332034,0,1,0,3968043711358,-4,0,0,32,0,32,2294,480,270,1,36.704,0,delta
432332067,172600901,-2,432332071,432332067,432332067,0,1,0,3968043711391,-4,1,0,33,0,33,4054,480,270,1,64.864,0,delta
432332100,172603961,-1,432332105,432332100,432332100,0,1,0,3968043711424,-5,1,0,33,0,33,1934,480,270,1,30.944,0,delta
432332134,172606841,-1,432332138,432332133,432332133,0,2,0,3968043711456,-5,1,0,33,0,33,2654,480,270,1,42.464,0,delta
432332167,172609901,432332165,432332171,432332167,432332167,0,1,0,2,-4,1,0,34,0,34,3156,480,270,1,50.496,0,delta
432332201,172612871,432332199,432332205,432332201,432332201,0,2,0,2,-4,0,0,34,34,0,6272,480,270,1,100.352,0,delta
432332234,172615931,432332232,432332238,432332234,432332234,0,1,0,2,-4,1,0,33,33,0,3678,480,270,1,58.848,0,delta
432332267,172618901,432332264,432332271,432332267,432332267,0,1,1,3,-4,0,0,33,32,1,3148,480,270,1,50.368,0,delta
432332301,172621961,432332298,432332305,432332301,432332301,0,1,0,3,-4,0,0,34,34,0,4928,480,270,1,78.848,0,delta
432332334,172624931,432332332,432332338,432332334,432332334,0,1,0,2,-4,1,0,33,34,-1,3916,480,270,1,62.656,0,delta
432332367,172627901,432332365,432332371,432332367,432332367,0,1,0,2,-4,1,0,33,33,0,3762,480,270,1,60.192,0,delta
432332400,172630871,432332398,432332404,432332400,432332400,0,1,0,2,-4,1,0,33,33,0,3713,480,270,1,59.408,0,delta
432332435,172634021,432332433,432332439,432332435,432332435,0,1,0,2,-4,1,0,35,35,0,3454,480,270,1,55.264,0,delta
432332469,172636991,432332467,432332472,432332469,432332469,0,1,0,2,-3,1,0,34,34,0,6334,480,270,1,101.344,0,delta
432332501,172639961,432332499,432332505,432332501,432332501,0,1,0,2,-4,0,0,32,32,0,4452,480,270,1,71.232,0,delta
432332534,172642931,432332532,432332538,432332534,432332534,0,1,0,2,-4,1,0,33,33,0,4077,480,270,1,65.232,0,delta
432332567,172645901,432332565,432332571,432332567,432332567,0,1,0,2,-4,0,0,33,33,0,4421,480,270,1,70.736,0,delta
432332601,172648871,432332599,432332605,432332601,432332601,0,2,0,2,-4,1,0,34,34,0,8041,480,270,1,128.656,0,delta
432332633,172651841,432332631,432332637,432332633,432332633,0,1,0,2,-4,1,0,32,32,0,5061,480,270,1,80.976,0,delta
432332667,172654811,432332665,432332670,432332667,432332667,0,1,0,2,-3,0,0,34,34,0,4648,480,270,1,74.368,0,delta
432332701,172657871,432332699,432332705,432332700,432332700,0,2,0,1,-5,1,0,33,34,-1,6631,480,270,1,106.096,0,delta
432332735,172660931,432332733,432332739,432332735,432332735,0,2,0,2,-4,1,0,35,34,1,8777,480,270,1,140.432,0,delta
432332766,172663811,432332765,432332771,432332766,432332766,0,2,0,1,-5,1,0,31,32,-1,4443,480,270,1,71.088,0,delta
432332801,172666871,432332799,432332805,432332800,432332801,0,2,0,2,-4,0,1,35,34,1,4819,480,270,1,25.7013,0,delta
432332838,172670111,432332835,432332841,432332837,432332837,0,2,0,2,-4,1,0,36,36,0,7205,480,270,1,115.28,0,delta
432332869,172672901,432332866,432332872,432332868,432332868,0,2,0,2,-4,1,0,31,31,0,7733,480,270,1,123.728,0,delta
432332901,172675871,432332899,432332905,432332901,432332901,0,2,0,2,-4,1,0,33,33,0,8481,480,270,1,135.696,0,delta
432332935,172678931,432332933,432332939,432332935,432332935,0,2,0,2,-4,0,0,34,34,0,5665,480,270,1,90.64,0,delta
432332968,172681901,432332966,432332972,432332967,432332967,0,2,0,1,-5,1,0,32,33,-1,8468,480,270,1,135.488,0,delta
432333001,172684871,432332999,432333005,432333001,432333001,0,2,0,2,-4,1,0,34,33,1,9161,480,270,1,146.576,0,delta
432333035,172687931,432333033,432333039,432333035,432333035,0,2,0,2,-4,0,0,34,34,0,7069,480,270,1,113.104,0,delta
432333069,172690901,432333067,432333073,432333068,432333069,0,3,0,2,-4,0,1,34,34,0,7403,480,270,1,39.4827,0,delta
432333100,172693871,432333098,432333104,432333100,432333100,0,1,0,2,-4,1,0,31,31,0,9939,480,270,1,159.024,0,delta
432333138,172697201,432333136,432333142,432333138,432333138,0,2,0,2,-4,1,0,38,38,0,11952,480,270,1,191.232,0,delta
432333169,172699991,432333167,432333173,432333169,432333169,0,2,0,2,-4,1,0,31,31,0,7028,480,270,1,112.448,0,delta
432333202,172702871,432333200,432333206,432333201,432333201,0,3,0,1,-5,1,0,32,33,-1,7683,480,270,1,122.928,0,delta
432333235,172705841,432333233,432333239,432333234,432333234,0,3,0,1,-5,0,0,33,33,0,6365,480,270,1,101.84,0,delta
432333270,172708991,432333267,432333273,432333269,432333269,0,2,0,2,-4,1,0,35,34,1,9544,480,270,1,152.704,0,delta
432333304,172712141,432333302,432333308,432333303,432333303,0,2,0,1,-5,0,0,34,35,-1,5845,480,270,1,93.52,0,delta
432333337,172715111,432333335,432333341,432333337,432333337,0,2,0,2,-4,0,0,34,33,1,6745,480,270,1,107.92,0,delta
432333368,172717991,432333366,432333372,432333368,432333368,0,1,0,2,-4,1,0,31,31,0,5077,480,270,1,81.232,0,delta
432333402,172720961,432333400,432333406,432333402,432333402,0,2,0,2,-4,1,0,34,34,0,8236,480,270,1,131.776,0,delta
432333436,172724111,432333435,432333441,432333436,432333436,0,2,0,1,-5,1,0,34,35,-1,5061,480,270,1,80.976,0,delta
432333467,172726901,432333466,432333472,432333467,432333467,0,2,0,1,-5,1,0,31,31,0,5937,480,270,1,94.992,0,delta
432333503,172730051,432333501,432333507,432333502,432333503,0,2,0,2,-4,0,1,36,35,1,4172,480,270,1,22.2507,0,delta
432333535,172732931,432333533,432333539,432333535,432333535,0,2,0,2,-4,1,0,32,32,0,8331,480,270,1,133.296,0,delta
432333571,172736171,432333569,432333575,432333570,432333570,0,2,0,1,-5,1,0,35,36,-1,4490,480,270,1,71.84,0,delta
432333601,172738871,432333599,432333605,432333601,432333601,0,2,0,2,-4,1,0,31,30,1,6913,480,270,1,110.608,0,delta
432333635,172741931,432333633,432333639,432333634,432333634,0,2,0,1,-5,1,0,33,34,-1,4060,480,270,1,64.96,0,delta
432333668,172744901,432333666,432333672,432333668,432333668,0,2,1,2,-4,1,0,34,33,1,7825,480,270,1,125.2,0,delta
432333702,172748051,432333700,432333706,432333702,432333702,0,1,0,2,-4,1,0,34,34,0,4600,480,270,1,73.6,0,delta
432333735,172751021,432333734,432333740,432333735,432333735,0,2,0,1,-5,1,0,33,34,-1,6226,480,270,1,99.616,0,delta
432333769,172753991,432333767,432333773,432333768,432333768,0,2,0,1,-5,1,0,33,33,0,4336,480,270,1,69.376,0,delta
432333801,172756871,432333799,432333805,432333801,432333801,0,2,0,2,-4,1,0,33,32,1,8492,480,270,1,135.872,0,delta
432333836,172760111,432333834,432333840,432333836,432333836,0,1,0,2,-4,1,0,35,35,0,4229,480,270,1,67.664,0,delta
432333868,172762901,432333866,432333872,432333867,432333867,0,2,0,1,-5,1,0,31,32,-1,5781,480,270,1,92.496,0,delta
432333902,172765961,432333900,432333905,432333902,432333902,0,1,1,2,-3,0,0,35,34,1,4152,480,270,1,66.432,0,delta
432333936,172768931,432333934,432333940,432333936,432333936,0,3,0,2,-4,0,0,34,34,0,8141,480,270,1,130.256,0,delta
432333968,172771901,432333966,432333971,432333968,432333968,0,1,0,2,-3,1,0,32,32,0,7525,480,270,1,120.4,0,delta
432334002,172774871,432334000,432334006,432334001,432334001,0,3,0,1,-5,1,0,33,34,-1,11535,480,270,1,184.56,0,delta
432334034,172777841,432334032,432334037,432334034,432334034,0,1,0,2,-3,1,0,33,32,1,7856,480,270,1,125.696,0,delta
432334070,172780991,432334067,432334073,432334069,432334069,0,2,0,2,-4,1,0,35,35,0,11199,480,270,1,179.184,0,delta
432334102,172783871,432334099,432334105,432334101,432334101,0,2,0,2,-4,1,0,32,32,0,12350,480,270,1,197.6,0,delta
432334134,172786841,432334132,432334138,432334134,432334134,0,2,0,2,-4,1,0,33,33,0,8307,480,270,1,132.912,0,delta
432334168,172789901,432334166,432334172,432334168,432334168,0,2,0,2,-4,1,0,34,34,0,7229,480,270,1,115.664,0,delta
432334202,172792871,432334199,432334205,432334201,432334201,0,2,0,2,-4,1,0,33,33,0,8512,480,270,1,136.192,0,delta
432334236,172796021,432334234,432334240,432334236,432334236,0,2,0,2,-4,1,0,35,35,0,11791,480,270,1,188.656,0,delta
432334268,172798901,432334266,432334272,432334267,432334267,0,2,0,1,-5,1,0,31,32,-1,7494,480,270,1,119.904,0,delta
432334302,172801871,432334299,432334304,432334301,432334301,0,1,0,2,-3,1,0,34,33,1,10328,480,270,1,165.248,0,delta
432334335,172804841,432334332,432334338,432334334,432334334,0,2,0,2,-4,1,0,33,33,0,11852,480,270,1,189.632,0,delta
432334367,172807811,432334365,432334371,432334367,432334367,0,2,0,2,-4,1,0,33,33,0,8984,480,270,1,143.744,0,delta
432334401,172810871,432334399,432334405,432334401,432334401,0,2,0,2,-4,1,0,34,34,0,8890,480,270,1,142.24,0,delta
432334435,172813931,432334432,432334438,432334434,432334434,0,1,0,2,-4,1,0,33,33,0,10383,480,270,1,166.128,0,delta
432334470,172816991,432334468,432334474,432334469,432334469,0,3,0,1,-5,2,0,35,36,-1,12150,480,270,1,194.4,0,delta
432334501,172819871,432334499,432334505,432334500,432334500,0,2,0,1,-5,1,0,31,31,0,11247,480,270,1,179.952,0,delta
432334534,172822931,432334532,432334538,432334534,432334534,0,1,0,2,-4,1,0,34,33,1,6996,480,270,1,111.936,0,delta
432334568,172825811,432334565,432334570,432334567,432334567,0,1,0,2,-3,1,0,33,33,0,12211,480,270,1,195.376,0,delta
432334601,172828871,432334599,432334605,432334601,432334601,0,2,0,2,-4,1,0,34,34,0,9592,480,270,1,153.472,0,delta
432334634,172831841,432334632,432334638,432334634,432334634,0,2,1,2,-4,1,0,33,33,0,11287,480,270,1,180.592,0,delta
432334668,172834901,432334666,432334672,432334667,432334667,0,2,0,1,-5,1,0,33,34,-1,8533,480,270,1,136.528,0,delta
432334702,172837961,432334700,432334706,432334701,432334701,0,2,0,1,-5,1,0,34,34,0,11861,480,270,1,189.776,0,delta
432334735,172840841,432334733,432334738,432334735,432334735,0,2,0,2,-3,1,0,34,33,1,10553,480,270,1,168.848,0,delta
432334769,172843901,432334766,432334772,432334768,432334768,0,2,0,2,-4,1,0,33,33,0,11828,480,270,1,189.248,0,delta
432334801,172846871,432334799,432334805,432334800,432334800,0,2,0,1,-5,1,0,32,33,-1,9587,480,270,1,153.392,0,delta
432334835,172849931,432334832,432334838,432334834,432334834,0,1,0,2,-4,1,0,34,33,1,11941,480,270,1,191.056,0,delta
432334868,172852811,432334866,432334871,432334867,432334867,0,2,0,1,-4,1,0,33,34,-1,10631,480,270,1,170.096,0,delta
432334902,172855871,432334899,432334904,432334901,432334901,0,1,0,2,-3,2,0,34,33,1,12430,480,270,1,198.88,0,delta
432334935,172858931,432334933,432334939,432334934,432334934,0,2,0,1,-5,1,0,33,34,-1,9905,480,270,1,158.48,0,delta
432334968,172861901,432334966,432334972,432334967,432334968,0,2,0,2,-4,1,1,34,33,1,11574,480,270,1,61.728,0,delta
432335002,172864871,432335000,432335005,432335001,432335001,0,2,0,1,-4,2,0,33,34,-1,11512,480,270,1,184.192,0,delta
432335035,172867931,432335033,432335039,432335035,432335035,0,2,1,2,-4,1,0,34,33,1,12066,480,270,1,193.056,0,delta
432335069,172870991,432335067,432335073,432335068,432335068,0,2,0,1,-5,1,0,33,34,-1,9155,480,270,1,146.48,0,delta
432335104,172874051,432335102,432335108,432335103,432335103,0,3,0,1,-5,1,0,35,35,0,12310,480,270,1,196.96,0,delta
432335136,172876931,432335134,432335140,432335135,432335135,0,3,0,1,-5,1,0,32,32,0,10045,480,270,1,160.72,0,delta
432335175,172879901,432335173,432335177,432335174,432335174,0,7,0,1,-3,2,0,39,39,0,34118,640,360,1,545.888,1,key
432335202,172882961,432335201,432335206,432335202,432335202,0,2,0,1,-4,1,0,28,28,0,14388,640,360,1,230.208,0,delta
432335237,172885931,432335236,432335240,432335236,432335236,0,3,0,0,-4,2,0,34,35,-1,19204,640,360,1,307.264,0,delta
432335270,172888901,432335268,432335273,432335269,432335269,0,3,0,1,-4,1,0,33,32,1,16617,640,360,1,265.872,0,delta
432335303,172891871,432335301,432335307,432335302,432335302,0,4,0,1,-5,2,0,33,33,0,20647,640,360,1,330.352,0,delta
432335338,172895021,432335335,432335340,432335337,432335337,0,2,0,2,-3,1,0,35,34,1,20782,640,360,1,332.512,0,delta
432335370,172897901,432335367,432335373,432335369,432335369,0,3,0,2,-4,1,0,32,32,0,20424,640,360,1,326.784,0,delta
432335402,172900871,432335400,432335405,432335402,432335402,0,2,0,2,-3,1,0,33,33,0,18392,640,360,1,294.272,0,delta
432335436,172903841,432335433,432335438,432335435,432335435,0,2,0,2,-3,1,0,33,33,0,23002,640,360,1,368.032,0,delta
432335469,172906901,432335466,432335472,432335468,432335468,0,2,0,2,-4,1,0,33,33,0,17524,640,360,1,280.384,0,delta
432335503,172909871,432335501,432335506,432335502,432335502,0,3,0,1,-4,1,0,34,35,-1,20268,640,360,1,324.288,0,delta
432335536,172912931,432335534,432335539,432335535,432335536,0,2,0,2,-3,1,1,34,33,1,17943,640,360,1,95.696,0,delta
432335570,172915901,432335567,432335572,432335569,432335569,0,2,0,2,-3,2,0,33,33,0,25867,640,360,1,413.872,0,delta
432335603,172918871,432335600,432335605,432335602,432335602,0,2,1,2,-3,1,0,33,33,0,19506,640,360,1,312.096,0,delta
432335637,172921931,432335634,432335639,432335636,432335636,0,2,0,2,-3,1,0,34,34,0,23662,640,360,1,378.592,0,delta
432335670,172924901,432335667,432335672,432335669,432335669,0,2,0,2,-3,1,0,33,33,0,20407,640,360,1,326.512,0,delta
432335704,172928051,432335702,432335708,432335704,432335704,0,3,1,2,-4,1,0,35,35,0,21587,640,360,1,345.392,0,delta
432335737,172930931,432335734,432335739,432335736,432335736,0,2,0,2,-3,1,0,32,32,0,16636,640,360,1,266.176,0,delta
432335770,172933901,432335768,432335773,432335770,432335770,0,3,0,2,-3,1,0,34,34,0,20257,640,360,1,324.112,0,delta
432335802,172936961,432335800,432335806,432335802,432335802,0,2,0,2,-4,1,0,32,32,0,17250,640,360,1,276,0,delta
432335837,172939931,432335834,432335840,432335836,432335836,0,3,0,2,-4,1,0,34,34,0,24830,640,360,1,397.28,0,delta
432335869,172942901,432335867,432335873,432335868,432335868,0,3,0,1,-5,2,0,32,33,-1,19774,640,360,1,316.384,0,delta
432335903,172945961,432335901,432335907,432335903,432335903,0,3,0,2,-4,1,0,35,34,1,23363,640,360,1,373.808,0,delta
432335935,172948841,432335933,432335938,432335934,432335935,0,2,0,2,-3,1,1,32,32,0,18734,640,360,1,99.9147,0,delta
432335970,172951901,432335967,432335973,432335969,432335969,0,3,0,2,-4,1,0,34,34,0,24397,640,360,1,390.352,0,delta
432336005,172955141,432336003,432336008,432336005,432336005,0,2,0,2,-3,1,0,36,36,0,18831,640,360,1,301.296,0,delta
432336036,172957931,432336033,432336039,432336035,432336035,0,2,0,2,-4,1,0,30,30,0,21169,640,360,1,338.704,0,delta
432336069,172960901,432336067,432336073,432336068,432336068,0,3,0,1,-5,1,0,33,34,-1,14251,640,360,1,228.016,0,delta
432336103,172963871,432336101,432336106,432336102,432336102,0,3,0,1,-4,2,0,34,34,0,27383,640,360,1,438.128,0,delta
432336135,172966841,432336133,432336138,432336135,432336135,0,2,0,2,-3,1,0,33,32,1,15934,640,360,1,254.944,0,delta
432336170,172969811,432336167,432336172,432336169,432336169,0,3,1,2,-3,1,0,34,34,0,21979,640,360,1,351.664,0,delta
432336203,172972961,432336200,432336206,432336202,432336202,0,2,0,2,-4,1,0,33,33,0,19015,640,360,1,304.24,0,delta
432336237,172975931,432336234,432336240,432336236,432336236,0,3,0,2,-4,1,0,34,34,0,27001,640,360,1,432.016,0,delta
432336269,172978901,432336267,432336273,432336268,432336268,0,3,0,1,-5,1,0,32,33,-1,20809,640,360,1,332.944,0,delta
432336303,172981871,432336300,432336305,432336302,432336302,0,2,0,2,-3,2,0,34,33,1,24942,640,360,1,399.072,0,delta
432336335,172984841,432336333,432336338,432336334,432336334,0,2,0,1,-4,2,0,32,33,-1,17159,640,360,1,274.544,0,delta
432336369,172987811,432336367,432336372,432336368,432336368,0,3,0,1,-4,2,0,34,34,0,28682,640,360,1,458.912,0,delta
432336403,172990871,432336400,432336405,432336402,432336402,0,2,0,2,-3,1,0,34,33,1,20404,640,360,1,326.464,0,delta
432336436,172993931,432336434,432336440,432336435,432336435,0,3,0,1,-5,1,0,33,34,-1,27567,640,360,1,441.072,0,delta
432336472,172997081,432336469,432336474,432336471,432336471,0,2,0,2,-3,1,0,36,35,1,20195,640,360,1,323.12,0,delta
432336503,172999871,432336501,432336506,432336502,432336502,0,3,0,1,-4,2,0,31,32,-1,29052,640,360,1,464.832,0,delta
432336536,173002931,432336533,432336539,432336535,432336535,0,2,0,2,-4,1,0,33,32,1,25535,640,360,1,408.56,0,delta
432336569,173005901,432336567,432336573,432336568,432336568,0,3,0,1,-5,2,0,33,34,-1,27939,640,360,1,447.024,0,delta
432336603,173008871,432336600,432336605,432336602,432336602,0,2,0,2,-3,1,0,34,33,1,25072,640,360,1,401.152,0,delta
432336637,173011841,432336634,432336639,432336635,432336636,0,3,0,2,-3,1,1,34,34,0,28471,640,360,1,151.845,0,delta
432336669,173014901,432336666,432336672,432336668,432336668,0,2,0,2,-4,1,0,32,32,0,24726,640,360,1,395.616,0,delta
432336704,173017871,432336701,432336706,432336702,432336702,0,3,0,1,-4,1,0,34,35,-1,28736,640,360,1,459.776,0,delta
432336737,173020931,432336734,432336739,432336736,432336736,0,2,1,2,-3,1,0,34,33,1,27546,640,360,1,440.736,0,delta
432336770,173023901,432336767,432336773,432336769,432336769,0,3,0,2,-4,2,0,33,33,0,32881,640,360,1,526.096,0,delta
432336802,173026871,432336800,432336806,432336801,432336801,0,3,0,1,-5,1,0,32,33,-1,28643,640,360,1,458.288,0,delta
432336837,173029841,432336834,432336839,432336835,432336835,0,3,0,1,-4,1,0,34,34,0,32353,640,360,1,517.648,0,delta
432336869,173032811,432336866,432336871,432336868,432336868,0,2,0,2,-3,1,0,33,32,1,24525,640,360,1,392.4,0,delta
432336904,173035961,432336901,432336907,432336903,432336903,0,3,1,2,-4,1,0,35,35,0,25945,640,360,1,415.12,0,delta
432336937,173039021,432336934,432336940,432336936,432336936,0,2,0,2,-4,2,0,33,33,0,28216,640,360,1,451.456,0,delta
432336970,173041901,432336967,432336972,432336969,432336969,0,2,0,2,-3,2,0,33,33,0,36992,640,360,1,591.872,0,delta
432337003,173044961,432337000,432337006,432337002,432337002,0,2,0,2,-4,2,0,33,33,0,32900,640,360,1,526.4,0,delta
432337036,173047931,432337034,432337039,432337036,432337036,0,2,0,2,-3,0,0,34,34,0,17615,640,360,1,281.84,0,delta
432337068,173050901,432337067,432337072,432337068,432337068,0,2,0,1,-4,1,0,32,33,-1,12796,640,360,1,204.736,0,delta
432337103,173053871,432337100,432337105,432337102,432337102,0,2,0,2,-3,2,0,34,33,1,27272,640,360,1,436.352,0,delta
432337136,173056931,432337134,432337140,432337135,432337136,0,3,0,2,-4,1,1,34,34,0,39799,640,360,1,212.261,0,delta
432337176,173059901,432337172,432337177,432337174,432337174,0,7,0,2,-3,3,0,38,38,0,41302,960,540,1,660.832,1,key
432337206,173062871,432337202,432337208,432337204,432337204,0,5,1,2,-4,3,0,30,30,0,40590,960,540,1,649.44,0,delta
432337240,173065931,432337236,432337242,432337238,432337238,0,5,0,2,-4,3,0,34,34,0,50657,960,540,1,810.512,0,delta
432337273,173068901,432337269,432337275,432337271,432337271,0,5,1,2,-4,2,0,33,33,0,58999,960,540,1,943.984,0,delta
432337319,173071871,432337304,432337310,432337305,432337316,0,7,11,12,6,4,11,45,35,10,79728,960,540,1,55.463,0,delta
432337352,173075021,432337337,432337343,432337339,432337349,0,5,9,12,6,3,10,33,33,0,70861,960,540,1,53.9893,0,delta
432337385,173077811,432337370,432337375,432337372,432337382,0,6,10,12,7,4,10,33,33,0,85919,960,540,1,65.4621,0,delta
432337408,173080961,432337404,432337409,432337405,432337405,0,5,0,1,-4,3,0,23,34,-11,54370,960,540,1,869.92,0,delta
432337453,173083931,432337437,432337443,432337439,432337450,0,6,11,13,7,3,11,45,33,12,76005,960,540,1,52.873,0,delta
432337472,173086901,432337468,432337474,432337470,432337470,0,4,0,2,-4,2,0,20,31,-11,38510,960,540,1,616.16,0,delta
432337507,173089871,432337502,432337508,432337504,432337504,0,5,0,2,-4,3,0,34,34,0,54756,960,540,1,876.096,0,delta
432337539,173092841,432337535,432337540,432337536,432337536,0,4,0,1,-4,3,0,32,33,-1,52587,960,540,1,841.392,0,delta
432337585,173095901,432337570,432337576,432337571,432337582,0,6,11,12,6,4,11,46,35,11,60804,960,540,1,42.2984,0,delta
432337606,173098871,432337602,432337607,432337603,432337603,0,4,0,1,-4,3,0,21,32,-11,45202,960,540,1,723.232,0,delta
432337640,173101931,432337636,432337642,432337637,432337638,0,5,0,2,-4,2,1,35,34,1,50950,960,540,1,271.733,0,delta
432337671,173104901,432337668,432337674,432337669,432337669,0,4,0,1,-5,3,0,31,32,-1,37201,960,540,1,595.216,0,delta
432337708,173107961,432337704,432337710,432337705,432337705,0,6,0,1,-5,3,0,36,36,0,49025,960,540,1,784.4,0,delta
432337739,173110931,432337735,432337741,432337737,432337737,0,4,0,2,-4,2,0,32,31,1,39174,960,540,1,626.784,0,delta
432337773,173113991,432337769,432337775,432337771,432337771,0,4,0,2,-4,2,0,34,34,0,37263,960,540,1,596.208,0,delta
432337806,173116961,432337802,432337808,432337803,432337804,0,4,0,2,-4,2,1,33,33,0,47047,960,540,1,250.917,0,delta
432337840,173119931,432337836,432337842,432337838,432337838,0,5,0,2,-4,3,0,34,34,0,51975,960,540,1,831.6,0,delta
432337872,173122901,432337868,432337874,432337869,432337869,0,4,0,1,-5,2,0,31,32,-1,42408,960,540,1,678.528,0,delta
432337906,173125871,432337902,432337908,432337903,432337903,0,5,0,1,-5,2,0,34,34,0,40275,960,540,1,644.4,0,delta
432337939,173128931,432337935,432337941,432337937,432337937,0,4,0,2,-4,3,0,34,33,1,51293,960,540,1,820.688,0,delta
432337975,173131991,432337971,432337977,432337972,432337973,0,6,0,2,-4,3,1,36,36,0,56220,960,540,1,299.84,0,delta
432338005,173134871,432338001,432338007,432338003,432338003,0,4,0,2,-4,3,0,30,30,0,48190,960,540,1,771.04,0,delta
432338041,173138021,432338037,432338043,432338038,432338038,0,5,0,1,-5,3,0,35,36,-1,49477,960,540,1,791.632,0,delta
432338072,173140901,432338068,432338074,432338069,432338069,0,4,0,1,-5,4,0,31,31,0,55221,960,540,1,883.536,0,delta
432338108,173143961,432338103,432338109,432338105,432338105,0,5,0,2,-4,4,0,36,35,1,50199,960,540,1,803.184,0,delta
432338139,173146931,432338135,432338141,432338136,432338137,0,4,0,2,-4,2,1,32,32,0,52262,960,540,1,278.731,0,delta
432338174,173149991,432338169,432338175,432338171,432338171,0,4,0,2,-4,3,0,34,34,0,43404,960,540,1,694.464,0,delta
432338205,173152961,432338202,432338208,432338203,432338203,0,4,0,1,-5,3,0,32,33,-1,44158,960,540,1,706.528,0,delta
432338244,173156201,432338239,432338245,432338241,432338241,0,5,0,2,-4,3,0,38,37,1,44870,960,540,1,717.92,0,delta
432338276,173159261,432338272,432338278,432338274,432338274,0,4,0,2,-4,3,0,33,33,0,49632,960,540,1,794.112,0,delta
432338311,173162321,432338308,432338313,432338309,432338309,0,5,0,1,-4,3,0,35,36,-1,54634,960,540,1,874.144,0,delta
432338344,173165291,432338339,432338344,432338341,432338342,0,3,0,3,-2,2,1,33,31,2,49351,960,540,1,263.205,0,delta
432338379,173168351,432338374,432338380,432338376,432338376,0,5,0,2,-4,3,0,34,35,-1,46344,960,540,1,741.504,0,delta
432338405,173170871,432338401,432338407,432338402,432338403,0,4,0,2,-4,2,1,27,27,0,49574,960,540,1,264.395,0,delta
432338440,173173931,432338435,432338441,432338437,432338438,0,4,0,3,-3,2,1,35,34,1,55426,960,540,1,295.605,0,delta
432338473,173176901,432338468,432338474,432338470,432338470,0,4,0,2,-4,3,0,32,33,-1,54758,960,540,1,876.128,0,delta
432338507,173179871,432338502,432338508,432338504,432338504,0,5,0,2,-4,3,0,34,34,0,52260,960,540,1,836.16,0,delta
432338539,173182931,432338535,432338541,432338536,432338537,0,4,0,2,-4,2,1,33,33,0,55737,960,540,1,297.264,0,delta
432338572,173185811,432338568,432338573,432338570,432338570,0,4,0,2,-3,3,0,33,33,0,47989,960,540,1,767.824,0,delta
432338605,173188871,432338601,432338607,432338603,432338603,0,4,0,2,-4,3,0,33,33,0,56396,960,540,1,902.336,0,delta
432338640,173191931,432338636,432338642,432338637,432338637,0,5,0,1,-5,3,0,34,35,-1,51912,960,540,1,830.592,0,delta
432338671,173194901,432338667,432338673,432338669,432338669,0,3,0,2,-4,2,0,32,31,1,41087,960,540,1,657.392,0,delta
432338709,173198141,432338705,432338711,432338706,432338706,0,5,0,1,-5,2,0,37,38,-1,52304,960,540,1,836.864,0,delta
432338740,173201021,432338736,432338742,432338737,432338738,0,4,0,2,-4,2,1,32,31,1,46496,960,540,1,247.979,0,delta
432338773,173203901,432338769,432338775,432338771,432338771,0,5,0,2,-4,3,0,33,33,0,51872,960,540,1,829.952,0,delta
432338806,173206961,432338802,432338808,432338804,432338804,0,4,0,2,-4,3,0,33,33,0,55610,960,540,1,889.76,0,delta
432338840,173209931,432338836,432338842,432338838,432338838,0,5,1,2,-4,3,0,34,34,0,49950,960,540,1,799.2,0,delta
432338873,173212901,432338869,432338874,432338870,432338870,0,4,0,1,-4,3,0,32,33,-1,52302,960,540,1,836.832,0,delta
432338907,173215961,432338903,432338909,432338905,432338905,0,5,0,2,-4,3,0,35,34,1,55494,960,540,1,887.904,0,delta
432338939,173218931,432338935,432338941,432338937,432338937,0,4,0,2,-4,3,0,32,32,0,55656,960,540,1,890.496,0,delta
432338972,173221901,432338968,432338974,432338970,432338970,0,4,0,2,-4,2,0,33,33,0,36892,960,540,1,590.272,0,delta
432339006,173224871,432339002,432339007,432339003,432339004,0,4,0,2,-3,2,1,34,34,0,59692,960,540,1,318.357,0,delta
432339040,173227841,432339035,432339040,432339037,432339037,0,4,0,2,-3,3,0,33,33,0,46598,960,540,1,745.568,0,delta
432339073,173230991,432339069,432339075,432339071,432339071,0,4,1,2,-4,2,0,34,34,0,49737,960,540,1,795.792,0,delta
432339107,173233961,432339103,432339109,432339105,432339105,0,5,0,2,-4,3,0,34,34,0,52044,960,540,1,832.704,0,delta
432339140,173236931,432339136,432339142,432339137,432339137,0,5,0,1,-5,3,0,32,33,-1,52808,960,540,1,844.928,0,delta
432339204,173240081,432339188,432339191,432339188,432339199,0,19,11,11,8,6,11,62,52,10,111125,1280,720,1,77.3043,1,key
432339221,173242871,432339207,432339210,432339208,432339218,0,7,10,11,8,4,10,19,19,0,79374,1280,720,1,60.4754,0,delta
432339256,173245931,432339241,432339246,432339243,432339253,0,9,9,12,7,4,10,35,34,1,73888,1280,720,1,56.2956,0,delta
432339288,173248901,432339272,432339277,432339274,432339284,0,7,10,12,7,4,10,31,31,0,85373,1280,720,1,65.0461,0,delta
432339320,173251871,432339306,432339310,432339307,432339317,0,7,10,11,7,4,10,33,34,-1,90810,1280,720,1,69.1886,0,delta
432339352,173254931,432339338,432339342,432339339,432339348,0,5,9,10,6,4,9,31,32,-1,67291,1280,720,1,56.6661,0,delta
432339376,173257901,432339372,432339376,432339373,432339373,0,6,0,1,-3,4,0,25,34,-9,60080,1280,720,1,961.28,0,delta
432339418,173260871,432339403,432339408,432339405,432339415,0,5,10,12,7,3,10,42,31,11,63555,1280,720,1,48.4229,0,delta
432339455,173263931,432339440,432339444,432339441,432339452,0,7,11,12,8,4,11,37,37,0,72643,1280,720,1,50.5343,0,delta
432339476,173266991,432339472,432339476,432339473,432339473,0,5,1,1,-3,3,0,21,32,-11,60386,1280,720,1,966.176,0,delta
432339521,173269961,432339506,432339511,432339507,432339518,0,7,11,12,7,4,11,45,34,11,69877,1280,720,1,48.6101,0,delta
432339552,173272931,432339538,432339542,432339540,432339549,0,5,9,11,7,4,9,31,32,-1,64516,1280,720,1,54.3293,0,delta
432339590,173275991,432339574,432339579,432339576,432339586,0,8,9,12,7,4,10,37,36,1,92127,1280,720,1,70.192,0,delta
432339627,173279411,432339612,432339616,432339614,432339624,0,7,10,12,8,4,10,38,38,0,74351,1280,720,1,56.6484,0,delta
432339657,173282021,432339641,432339646,432339643,432339653,0,8,10,12,7,4,10,29,29,0,88789,1280,720,1,67.6488,0,delta
432339676,173284991,432339672,432339676,432339674,432339674,0,5,0,2,-2,3,0,21,31,-10,45733,1280,720,1,731.728,0,delta
432339722,173287961,432339707,432339712,432339709,432339718,0,8,10,11,6,4,9,44,35,9,81719,1280,720,1,68.816,0,delta
432339740,173290931,432339737,432339742,432339739,432339739,0,5,0,2,-3,2,0,21,30,-9,41957,1280,720,1,671.312,0,delta
432339774,173293901,432339771,432339776,432339772,432339772,0,6,0,1,-4,2,0,33,34,-1,46476,1280,720,1,743.616,0,delta
432339807,173296871,432339803,432339808,432339805,432339805,0,5,0,2,-3,2,0,33,32,1,34916,1280,720,1,558.656,0,delta
432339843,173299931,432339839,432339844,432339841,432339841,0,7,0,2,-3,3,0,36,36,0,55444,1280,720,1,887.104,0,delta
432339874,173302901,432339870,432339875,432339872,432339872,0,5,1,2,-3,2,0,31,31,0,39739,1280,720,1,635.824,0,delta
432339907,173305871,432339903,432339908,432339905,432339905,0,5,0,2,-3,2,0,33,33,0,37069,1280,720,1,593.104,0,delta
432339941,173308931,432339937,432339942,432339938,432339938,0,5,0,1,-4,2,0,33,34,-1,41494,1280,720,1,663.904,0,delta
432339976,173311901,432339972,432339977,432339974,432339974,0,7,0,2,-3,2,0,36,35,1,51357,1280,720,1,821.712,0,delta
432340008,173315051,432340004,432340009,432340006,432340006,0,4,0,2,-3,2,0,32,32,0,36380,1280,720,1,582.08,0,delta
432340040,173317931,432340037,432340042,432340039,432340039,0,5,0,2,-3,2,0,33,33,0,32136,1280,720,1,514.176,0,delta
432340073,173320811,432340069,432340074,432340071,432340071,0,5,1,2,-3,2,0,32,32,0,33383,1280,720,1,534.128,0,delta
432340109,173323871,432340105,432340110,432340107,432340107,0,7,0,2,-3,3,0,36,36,0,52351,1280,720,1,837.616,0,delta
432340141,173326931,432340137,432340142,432340139,432340139,0,5,0,2,-3,3,0,32,32,0,42180,1280,720,1,674.88,0,delta
432340175,173329811,432340171,432340175,432340173,432340173,0,6,0,2,-2,3,0,34,34,0,47864,1280,720,1,765.824,0,delta
432340208,173332871,432340204,432340208,432340206,432340206,0,5,0,2,-2,3,0,33,33,0,52769,1280,720,1,844.304,0,delta
432340255,173335841,432340239,432340244,432340241,432340251,0,8,10,12,7,3,10,45,35,10,74947,1280,720,1,57.1025,0,delta
432340286,173338901,432340272,432340277,432340274,432340283,0,7,10,11,6,3,9,32,33,-1,67518,1280,720,1,56.8573,0,delta
432340321,173341871,432340305,432340310,432340307,432340318,0,7,11,13,8,3,11,35,33,2,73641,1280,720,1,51.2285,0,delta
432340342,173344931,432340338,432340343,432340339,432340340,0,6,0,2,-3,3,1,22,33,-11,54291,1280,720,1,289.552,0,delta
432340388,173347901,432340374,432340378,432340375,432340385,0,8,10,11,7,3,10,45,36,9,74282,1280,720,1,56.5958,0,delta
432340409,173350961,432340405,432340409,432340406,432340406,0,5,0,1,-3,3,0,21,31,-10,55807,1280,720,1,892.912,0,delta
432340453,173353931,432340440,432340444,432340441,432340450,0,7,9,10,6,4,9,44,35,9,70877,1280,720,1,59.6859,0,delta
432340477,173357081,432340473,432340478,432340474,432340474,0,6,0,1,-4,3,0,24,33,-9,44215,1280,720,1,707.44,0,delta
432340523,173359961,432340507,432340512,432340509,432340520,0,8,11,13,8,4,11,46,34,12,84272,1280,720,1,58.624,0,delta
432340543,173362931,432340538,432340543,432340540,432340540,0,6,0,2,-3,3,0,20,31,-11,58432,1280,720,1,934.912,0,delta
432340589,173365991,432340573,432340578,432340575,432340586,0,7,10,13,8,3,11,46,35,11,86073,1280,720,1,59.8769,0,delta
432340619,173368871,432340604,432340609,432340606,432340615,0,6,9,11,6,4,9,29,31,-2,70512,1280,720,1,59.3785,0,delta
432340657,173371931,432340640,432340645,432340642,432340653,0,8,11,13,8,5,11,38,36,2,108741,1280,720,1,75.6459,0,delta
432340686,173374901,432340671,432340676,432340673,432340683,0,6,10,12,7,3,10,30,31,-1,84338,1280,720,1,64.2575,0,delta
432340721,173377961,432340706,432340711,432340707,432340718,0,7,11,12,7,4,11,35,35,0,66535,1280,720,1,46.2852,0,delta
432340742,173380931,432340738,432340743,432340739,432340740,0,6,0,2,-3,2,1,22,32,-10,50925,1280,720,1,271.6,0,delta
432340778,173383901,432340773,432340777,432340775,432340775,0,7,0,2,-2,3,0,35,35,0,53158,1280,720,1,850.528,0,delta
432340809,173386961,432340804,432340808,432340806,432340806,0,4,0,2,-2,3,0,31,31,0,36970,1280,720,1,591.52,0,delta
432340843,173389931,432340839,432340843,432340841,432340841,0,6,0,2,-2,3,0,35,35,0,40099,1280,720,1,641.584,0,delta
432340873,173392901,432340870,432340875,432340871,432340871,0,5,0,1,-4,3,0,30,31,-1,29828,1280,720,1,477.248,0,delta
432340909,173395871,432340906,432340910,432340907,432340907,0,7,0,1,-3,3,0,36,36,0,40970,1280,720,1,655.52,0,delta
432340941,173399021,432340938,432340943,432340939,432340939,0,5,0,1,-4,3,0,32,32,0,34823,1280,720,1,557.168,0,delta
432340974,173401901,432340971,432340976,432340972,432340972,0,6,0,1,-4,3,0,33,33,0,39813,1280,720,1,637.008,0,delta
432341006,173404871,432341003,432341008,432341004,432341005,0,5,0,2,-3,2,1,33,32,1,38152,1280,720,1,203.477,0,delta
432341044,173408021,432341040,432341045,432341042,432341042,0,7,0,2,-3,3,0,37,37,0,53888,1280,720,1,862.208,0,delta
432341074,173410901,432341070,432341075,432341072,432341072,0,5,0,2,-3,2,0,30,30,0,44977,1280,720,1,719.632,0,delta
432341108,173413871,432341104,432341108,432341106,432341106,0,5,0,2,-2,3,0,34,34,0,44082,1280,720,1,705.312,0,delta
432341140,173416841,432341136,432341140,432341138,432341138,0,4,0,2,-2,2,0,32,32,0,37000,1280,720,1,592,0,delta
432341203,173419901,432341186,432341191,432341188,432341198,0,21,10,12,7,5,10,60,50,10,113545,1920,1080,1,86.5105,1,key
432341214,173422961,432341209,432341215,432341211,432341211,0,11,0,2,-4,4,0,13,23,-10,59512,1920,1080,1,952.192,0,delta
432341258,173425931,432341242,432341248,432341243,432341254,0,11,11,12,6,5,11,43,33,10,67126,1920,1080,1,46.6963,0,delta
432341281,173428901,432341276,432341281,432341277,432341277,0,11,0,1,-4,3,0,23,34,-11,53207,1920,1080,1,851.312,0,delta
432341325,173431961,432341310,432341316,432341311,432341322,0,12,11,12,6,4,11,45,34,11,82379,1920,1080,1,57.3071,0,delta
432341347,173434931,432341342,432341348,432341344,432341344,0,11,0,2,-4,4,0,22,32,-10,54133,1920,1080,1,866.128,0,delta
432341390,173437901,432341375,432341381,432341377,432341386,0,11,10,11,5,3,9,42,33,9,62024,1920,1080,1,52.2307,0,delta
432341412,173440961,432341407,432341413,432341409,432341409,0,9,0,2,-4,4,0,23,32,-9,56886,1920,1080,1,910.176,0,delta
432341458,173443931,432341443,432341449,432341445,432341455,0,12,9,12,6,3,10,46,36,10,84400,1920,1080,1,64.3048,0,delta
432341478,173446991,432341473,432341479,432341475,432341475,0,8,0,2,-4,3,0,20,30,-10,44922,1920,1080,1,718.752,0,delta
432341511,173449871,432341506,432341512,432341508,432341508,0,9,0,2,-4,4,0,33,33,0,54213,1920,1080,1,867.408,0,delta
432341543,173452841,432341539,432341544,432341540,432341540,0,8,0,1,-4,3,0,32,33,-1,47844,1920,1080,1,765.504,0,delta
432341592,173455901,432341577,432341581,432341578,432341589,0,11,11,12,8,3,11,49,38,11,86011,1920,1080,1,59.8337,0,delta
432341613,173459051,432341609,432341614,432341610,432341610,0,9,0,1,-4,3,0,21,32,-11,57351,1920,1080,1,917.616,0,delta
432341658,173461931,432341642,432341647,432341643,432341654,0,10,11,12,7,5,11,44,33,11,75625,1920,1080,1,52.6087,0,delta
432341690,173464991,432341676,432341681,432341677,432341686,0,10,9,10,5,5,9,32,34,-2,74726,1920,1080,1,62.9272,0,delta
432341728,173468051,432341711,432341717,432341713,432341724,0,12,11,13,7,4,11,38,35,3,94153,1920,1080,1,65.4977,0,delta
432341759,173471111,432341743,432341749,432341745,432341755,0,10,10,12,6,4,10,31,32,-1,75796,1920,1080,1,57.7493,0,delta
432341798,173474261,432341781,432341787,432341782,432341793,0,13,11,12,6,5,11,38,38,0,84144,1920,1080,1,58.535,0,delta
432341829,173476961,432341813,432341819,432341814,432341825,0,15,11,12,6,5,11,32,32,0,100901,1920,1080,1,70.192,0,delta
432341888,173480201,432341861,432341867,432341864,432341883,0,27,20,22,16,5,19,58,48,10,156067,1920,1080,1,64.0275,0,delta
432341908,173482991,432341876,432341882,432341883,432341902,0,11,25,26,20,6,19,19,15,4,115360,1920,1080,1,47.3272,0,delta
432341942,173485961,432341914,432341920,432341916,432341936,0,16,21,22,16,7,20,34,38,-4,133510,1920,1080,1,52.1015,0,delta
432341958,173488931,432341943,432341949,432341945,432341954,0,12,10,11,5,5,9,18,29,-11,107066,1920,1080,1,90.1608,0,delta
432342019,173491991,432341982,432341988,432341984,432342012,0,17,28,30,24,6,28,58,39,19,213871,1920,1080,1,60.034,0,delta
432342036,173494961,432342010,432342016,432342013,432342030,0,12,19,20,14,7,17,18,28,-10,108724,1920,1080,1,49.7024,0,delta
432342060,173497931,432342043,432342049,432342045,432342056,0,12,11,13,7,4,11,26,33,-7,103060,1920,1080,1,71.6939,0,delta
432342094,173501081,432342077,432342083,432342079,432342089,0,11,10,12,6,5,10,33,34,-1,103227,1920,1080,1,78.6491,0,delta
432342142,173504051,432342115,432342121,432342117,432342136,0,16,19,21,15,7,19,47,38,9,173629,1920,1080,1,71.2324,0,delta
432342156,173506931,432342141,432342147,432342143,432342153,0,10,10,12,6,4,10,17,26,-9,69914,1920,1080,1,53.2678,0,delta
432342179,173509991,432342174,432342180,432342176,432342176,0,9,0,2,-4,3,0,23,33,-10,55092,1920,1080,1,881.472,0,delta
432342206,173512871,432342203,432342209,432342205,432342205,0,6,0,2,-4,2,0,29,29,0,26158,1920,1080,1,418.528,0,delta
432342261,173516021,432342245,432342251,432342247,432342257,0,13,11,12,6,4,10,52,42,10,112167,1920,1080,1,85.4606,0,delta
432342277,173518991,432342274,432342280,432342275,432342276,0,9,0,2,-4,2,1,19,29,-10,32919,1920,1080,1,175.568,0,delta
432342310,173521961,432342307,432342313,432342308,432342308,0,9,0,1,-5,3,0,32,33,-1,27454,1920,1080,1,439.264,0,delta
432342342,173524931,432342338,432342344,432342340,432342340,0,7,0,2,-4,3,0,32,31,1,24087,1920,1080,1,385.392,0,delta
432342391,173527901,432342376,432342382,432342378,432342387,0,12,9,11,5,4,9,47,38,9,100206,1920,1080,1,84.384,0,delta
432342410,173531051,432342406,432342412,432342408,432342408,0,7,0,2,-4,2,0,21,30,-9,33632,1920,1080,1,538.112,0,delta
432342443,173533931,432342439,432342445,432342441,432342441,0,8,0,2,-4,2,0,33,33,0,40402,1920,1080,1,646.432,0,delta
432342478,173536901,432342473,432342479,432342475,432342475,0,9,0,2,-4,3,0,34,34,0,44290,1920,1080,1,708.64,0,delta
432342528,173539961,432342513,432342519,432342514,432342525,0,15,11,12,6,4,11,50,40,10,100829,1920,1080,1,70.1419,0,delta
432342547,173543111,432342543,432342548,432342545,432342545,0,9,0,2,-3,3,0,20,30,-10,50584,1920,1080,1,809.344,0,delta
432342579,173545991,432342575,432342581,432342577,432342577,0,10,1,2,-4,3,0,32,32,0,44371,1920,1080,1,709.936,0,delta
432342621,173548961,432342607,432342613,432342608,432342618,0,9,10,11,5,4,10,41,32,9,61186,1920,1080,1,46.6179,0,delta
432342659,173551931,432342643,432342649,432342645,432342656,0,12,11,13,7,3,11,38,36,2,94677,1920,1080,1,65.8623,0,delta
432342690,173555081,432342676,432342682,432342678,432342687,0,10,10,11,5,3,9,31,33,-2,69482,1920,1080,1,58.5112,0,delta
432342715,173558141,432342711,432342717,432342712,432342713,0,11,0,2,-4,2,1,26,35,-9,50321,1920,1080,1,268.379,0,delta
432342754,173560931,432342740,432342746,432342742,432342751,0,9,10,11,5,3,9,38,29,9,64742,1920,1080,1,54.5196,0,delta
432342791,173563991,432342777,432342783,432342779,432342789,0,12,10,12,6,3,10,38,37,1,85631,1920,1080,1,65.2427,0,delta
432342822,173567051,432342808,432342814,432342810,432342819,0,9,10,11,5,4,9,30,31,-1,69927,1920,1080,1,58.8859,0,delta
432342846,173570021,432342842,432342848,432342843,432342844,0,10,0,2,-4,3,1,25,34,-9,59773,1920,1080,1,318.789,0,delta
432342887,173572901,432342873,432342879,432342875,432342884,0,9,9,11,5,4,9,40,31,9,79968,1920,1080,1,67.3415,0,delta
432342924,173575871,432342910,432342916,432342912,432342922,0,13,11,12,6,3,10,38,37,1,100637,1920,1080,1,76.6758,0,delta
432342956,173578931,432342941,432342947,432342943,432342953,0,10,10,12,6,4,10,31,31,0,88678,1920,1080,1,67.5642,0,delta
432342990,173581991,432342976,432342981,432342977,432342987,0,10,11,11,6,4,10,34,35,-1,92547,1920,1080,1,70.512,0,delta
432343024,173584961,432343010,432343015,432343011,432343021,0,11,10,11,6,4,10,34,34,0,110649,1920,1080,1,84.304,0,delta
432343072,173588021,432343046,432343051,432343047,432343067,0,13,20,21,16,6,20,46,36,10,144732,1920,1080,1,56.4808,0,delta
432343102,173590901,432343076,432343081,432343077,432343096,0,11,19,20,15,6,19,29,30,-1,152650,1920,1080,1,62.6256,0,delta
432343142,173593871,432343115,432343120,432343116,432343136,0,17,20,21,16,7,20,40,39,1,177031,1920,1080,1,69.0853,0,delta
432343167,173596841,432343141,432343146,432343142,432343162,0,10,20,21,16,6,20,26,26,0,120332,1920,1080,1,46.9588,0,delta
432343209,173599901,432343181,432343187,432343183,432343203,0,17,19,22,16,6,20,41,40,1,178896,1920,1080,1,69.8131,0,delta
432343225,173602961,432343209,432343215,432343211,432343221,0,11,10,12,6,4,10,18,28,-10,90004,1920,1080,1,68.5745,0,delta
432343273,173606021,432343245,432343251,432343247,432343266,0,13,20,21,15,7,19,45,36,9,161183,1920,1080,1,66.1264,0,delta
432343301,173608901,432343274,432343280,432343276,432343296,0,10,20,22,16,5,20,30,29,1,137091,1920,1080,1,53.4989,0,delta
432343351,173611961,432343314,432343320,432343315,432343345,0,16,30,31,25,7,30,49,40,9,219530,1920,1080,1,57.5816,0,delta
432343368,173614841,432343339,432343345,432343345,432343362,0,9,22,23,17,6,17,17,25,-8,119869,1920,1080,1,54.7973,0,delta
432343394,173617991,432343377,432343383,432343379,432343390,0,12,11,13,7,4,11,28,38,-10,103658,1920,1080,1,72.1099,0,delta
432343425,173621141,432343410,432343416,432343411,432343421,0,10,10,11,5,5,10,31,33,-2,82033,1920,1080,1,62.5013,0,delta
432343472,173624021,432343446,432343451,432343447,432343467,0,13,21,21,16,5,20,46,36,10,121863,1920,1080,1,47.5563,0,delta
432343478,173626901,432343473,432343478,432343474,432343474,0,8,0,1,-4,3,0,7,27,-20,51340,1920,1080,1,821.44,0,delta
432343524,173630051,432343509,432343515,432343511,432343521,0,10,10,12,6,4,10,47,36,11,75083,1920,1080,1,57.2061,0,delta
432343545,173633021,432343541,432343547,432343542,432343542,0,9,0,1,-5,3,0,21,32,-11,34295,1920,1080,1,548.72,0,delta
432343593,173635991,432343577,432343583,432343579,432343589,0,12,11,12,6,5,10,47,36,11,114669,1920,1080,1,87.3669,0,delta
432343624,173639051,432343608,432343614,432343610,432343621,0,9,11,13,7,3,11,32,31,1,70758,1920,1080,1,49.223,0,delta
432343658,173642021,432343642,432343648,432343644,432343654,0,10,9,12,6,4,10,33,34,-1,108414,1920,1080,1,82.6011,0,delta
432343689,173644991,432343674,432343680,432343675,432343686,0,9,11,12,6,4,11,32,32,0,83417,1920,1080,1,58.0292,0,delta
432343737,173647961,432343711,432343717,432343713,432343732,0,13,20,21,15,6,19,46,37,9,145346,1920,1080,1,59.6291,0,delta
432343756,173650931,432343741,432343747,432343743,432343754,0,10,11,13,7,3,11,22,30,-8,81854,1920,1080,1,56.9419,0,delta
432343790,173653901,432343775,432343780,432343776,432343786,0,10,10,11,6,5,10,32,34,-2,115289,1920,1080,1,87.8392,0,delta
432343822,173657051,432343807,432343813,432343809,432343818,0,8,9,11,5,5,9,32,32,0,80413,1920,1080,1,67.7162,0,delta
432343870,173659931,432343844,432343850,432343846,432343865,0,13,20,21,15,6,19,47,37,10,149337,1920,1080,1,61.2665,0,delta
432343888,173662991,432343874,432343880,432343876,432343886,0,9,10,12,6,2,10,21,30,-9,71449,1920,1080,1,54.4373,0,delta
432343924,173665961,432343909,432343915,432343911,432343920,0,11,9,11,5,3,9,34,35,-1,103789,1920,1080,1,87.4013,0,delta
432343955,173669021,432343941,432343947,432343943,432343952,0,9,10,11,5,4,9,32,32,0,64913,1920,1080,1,54.6636,0,delta
432344006,173671991,432343978,432343984,432343980,432344000,0,13,20,22,16,6,20,48,37,11,140693,1920,1080,1,54.9046,0,delta
432344022,173674871,432344007,432344013,432344009,432344020,0,10,11,13,7,3,11,20,29,-9,69561,1920,1080,1,48.3903,0,delta
432344059,173677931,432344042,432344048,432344044,432344054,0,11,10,12,6,5,10,34,35,-1,118746,1920,1080,1,90.4731,0,delta
432344091,173680991,432344075,432344081,432344077,432344087,0,10,10,12,6,4,10,33,33,0,64803,1920,1080,1,49.3737,0,delta
432344150,173684501,432344124,432344130,432344126,432344145,0,20,19,21,15,5,19,58,49,9,132537,1920,1080,1,54.3742,0,delta
432344157,173687021,432344139,432344145,432344145,432344154,0,7,13,15,9,4,9,9,15,-6,67554,1920,1080,1,56.8876,0,delta
432344191,173689991,432344177,432344182,432344178,432344188,0,11,10,11,6,3,10,34,38,-4,104670,1920,1080,1,79.7486,0,delta
432344212,173693051,432344209,432344213,432344209,432344210,0,8,0,1,-3,2,1,22,32,-10,45701,1920,1080,1,243.739,0,delta
432344260,173695841,432344244,432344250,432344245,432344256,0,14,11,12,6,4,11,46,35,11,106730,1920,1080,1,74.247,0,delta
432344289,173698991,432344275,432344281,432344277,432344287,0,10,9,12,6,2,10,31,31,0,62149,1920,1080,1,47.3516,0,delta
432344324,173701871,432344309,432344315,432344311,432344321,0,12,11,12,6,3,10,34,34,0,86457,1920,1080,1,65.872,0,delta
432344346,173705021,432344342,432344348,432344344,432344344,0,10,1,2,-4,3,0,23,33,-10,57152,1920,1080,1,914.432,0,delta
432344392,173707901,432344377,432344383,432344379,432344389,0,13,10,12,6,4,10,45,35,10,99158,1920,1080,1,75.549,0,delta
432344414,173711051,432344409,432344415,432344411,432344411,0,10,0,2,-4,3,0,22,32,-10,59576,1920,1080,1,953.216,0,delta
432344457,173713931,432344442,432344448,432344444,432344454,0,11,9,12,6,3,10,43,33,10,91786,1920,1080,1,69.9322,0,delta
432344489,173717081,432344475,432344481,432344477,432344486,0,9,10,11,5,3,9,32,33,-1,63066,1920,1080,1,53.1082,0,delta
432344528,173719961,432344513,432344519,432344514,432344525,0,15,11,12,6,3,11,39,38,1,92214,1920,1080,1,64.1489,0,delta
432344562,173723201,432344546,432344552,432344548,432344559,0,12,11,13,7,3,11,34,33,1,66353,1920,1080,1,46.1586,0,delta
432344593,173726171,432344578,432344584,432344580,432344590,0,11,10,12,6,3,10,31,32,-1,86180,1920,1080,1,65.661,0,delta
432344623,173729051,432344609,432344615,432344611,432344620,0,10,10,11,5,3,9,30,31,-1,71926,1920,1080,1,60.5693,0,delta
432344660,173732111,432344646,432344652,432344648,432344658,0,13,9,12,6,3,10,38,37,1,101193,1920,1080,1,77.0994,0,delta
432344689,173735081,432344675,432344681,432344677,432344686,0,9,9,11,5,4,9,28,29,-1,68904,1920,1080,1,58.0244,0,delta
432344724,173737961,432344709,432344715,432344710,432344721,0,11,11,12,6,3,11,35,34,1,84372,1920,1080,1,58.6936,0,delta
432344754,173740931,432344740,432344745,432344742,432344752,0,8,9,12,7,3,10,31,31,0,72009,1920,1080,1,54.864,0,delta
432344792,173743991,432344777,432344783,432344779,432344789,0,12,10,12,6,3,10,37,37,0,101232,1920,1080,1,77.1291,0,delta
432344823,173746961,432344809,432344815,432344811,432344820,0,11,10,11,5,3,9,31,32,-1,70701,1920,1080,1,59.5377,0,delta
432344855,173749931,432344841,432344847,432344843,432344852,0,10,9,11,5,3,9,32,32,0,84831,1920,1080,1,71.4366,0,delta
432344888,173752991,432344874,432344880,432344876,432344885,0,9,9,11,5,3,9,33,33,0,72858,1920,1080,1,61.3541,0,delta
432344925,173755961,432344911,432344917,432344912,432344923,0,13,11,12,6,3,11,38,37,1,85109,1920,1080,1,59.2063,0,delta
432344961,173759201,432344946,432344952,432344947,432344958,0,12,11,12,6,3,11,35,35,0,74926,1920,1080,1,52.1224,0,delta
432344993,173762081,432344978,432344984,432344979,432344990,0,12,11,12,6,3,11,32,32,0,77453,1920,1080,1,53.8803,0,delta
432345023,173765051,432345009,432345015,432345011,432345020,0,10,9,11,5,4,9,30,31,-1,71636,1920,1080,1,60.3251,0,delta
432345058,173767931,432345043,432345049,432345045,432345055,0,12,10,12,6,3,10,35,34,1,89729,1920,1080,1,68.365,0,delta
432345089,173770901,432345074,432345080,432345076,432345086,0,10,11,12,6,3,10,31,31,0,71708,1920,1080,1,54.6347,0,delta
432345127,173774321,432345112,432345118,432345114,432345124,0,10,11,12,6,3,10,38,38,0,81547,1920,1080,1,62.131,0,delta
432345160,173777471,432345146,432345151,432345148,432345157,0,8,9,11,6,4,9,33,34,-1,78743,1920,1080,1,66.3099,0,delta
432345196,173780081,432345182,432345187,432345182,432345192,0,15,10,10,5,4,10,35,36,-1,96963,1920,1080,1,73.8766,0,delta
432345227,173783141,432345212,432345217,432345213,432345224,0,11,11,12,7,4,11,32,30,2,79951,1920,1080,1,55.6181,0,delta
432345263,173786651,432345250,432345255,432345251,432345260,0,10,9,10,5,3,9,36,38,-2,97373,1920,1080,1,81.9983,0,delta
432345292,173789171,432345279,432345284,432345279,432345289,0,11,10,10,5,3,10,29,29,0,84815,1920,1080,1,64.621,0,delta
432345328,173792051,432345313,432345318,432345314,432345325,0,13,11,12,7,3,11,36,34,2,103731,1920,1080,1,72.1607,0,delta
432345356,173795021,432345343,432345347,432345344,432345353,0,9,9,10,6,3,9,28,30,-2,83546,1920,1080,1,70.3545,0,delta
432345401,173798981,432345386,432345392,432345387,432345397,0,10,10,11,5,4,10,44,43,1,97662,1920,1080,1,74.4091,0,delta
432345426,173801141,432345411,432345417,432345413,432345422,0,11,10,11,5,4,9,25,25,0,90983,1920,1080,1,76.6173,0,delta
432345464,173804291,432345449,432345455,432345451,432345460,0,14,9,11,5,3,9,38,38,0,102648,1920,1080,1,86.4404,0,delta
432345493,173807261,432345478,432345484,432345480,432345490,0,10,9,12,6,3,10,30,29,1,84921,1920,1080,1,64.7017,0,delta
432345524,173809961,432345510,432345516,432345511,432345521,0,12,10,11,5,3,10,31,32,-1,92351,1920,1080,1,70.3627,0,delta
432345558,173813021,432345542,432345548,432345544,432345555,0,10,10,13,7,3,11,34,32,2,92142,1920,1080,1,64.0988,0,delta
432345594,173815901,432345579,432345585,432345580,432345591,0,15,11,12,6,3,11,36,37,-1,94291,1920,1080,1,65.5937,0,delta
432345624,173819141,432345610,432345616,432345612,432345621,0,10,9,11,5,4,9,30,31,-1,89773,1920,1080,1,75.5983,0,delta
432345660,173822021,432345644,432345650,432345646,432345656,0,12,10,12,6,3,10,35,34,1,108755,1920,1080,1,82.861,0,delta
432345693,173825171,432345678,432345684,432345680,432345689,0,11,9,11,5,5,9,33,34,-1,113479,1920,1080,1,95.5613,0,delta
432345738,173828141,432345713,432345719,432345715,432345733,0,13,19,20,14,4,18,44,35,9,123479,1920,1080,1,53.3963,0,delta
432345758,173830931,432345742,432345748,432345744,432345754,0,11,10,12,6,5,10,21,29,-8,113009,1920,1080,1,86.1021,0,delta
432345793,173833901,432345777,432345783,432345778,432345789,0,13,11,12,6,4,11,35,35,0,113893,1920,1080,1,79.2299,0,delta
432345825,173837051,432345809,432345815,432345811,432345822,0,10,11,13,7,4,11,33,32,1,109393,1920,1080,1,76.0995,0,delta
432345859,173840021,432345844,432345850,432345845,432345856,0,12,11,12,6,3,11,34,35,-1,102008,1920,1080,1,70.9621,0,delta
432345890,173843171,432345876,432345882,432345878,432345887,0,9,9,11,5,4,9,31,32,-1,96519,1920,1080,1,81.2792,0,delta
432345925,173846051,432345910,432345916,432345912,432345922,0,11,9,12,6,4,10,35,34,1,99816,1920,1080,1,76.0503,0,delta
432345958,173849021,432345942,432345948,432345944,432345954,0,10,10,12,6,4,10,32,32,0,108096,1920,1080,1,82.3589,0,delta
432345993,173852081,432345978,432345984,432345980,432345990,0,12,10,12,6,4,10,36,36,0,103273,1920,1080,1,78.6842,0,delta
432346024,173855051,432346010,432346015,432346012,432346021,0,10,9,11,6,4,9,31,32,-1,84167,1920,1080,1,70.8775,0,delta
432346060,173858021,432346046,432346052,432346047,432346057,0,14,10,11,5,3,10,36,36,0,86444,1920,1080,1,65.8621,0,delta
432346090,173861081,432346077,432346082,432346078,432346087,0,10,9,10,5,4,9,30,31,-1,68176,1920,1080,1,57.4114,0,delta
432346127,173863961,432346113,432346118,432346114,432346124,0,14,9,11,6,4,10,37,36,1,101472,1920,1080,1,77.312,0,delta
432346159,173867111,432346145,432346150,432346145,432346155,0,11,10,10,5,4,10,31,32,-1,90391,1920,1080,1,68.8693,0,delta
432346194,173869991,432346179,432346184,432346180,432346190,0,13,11,11,6,4,10,35,34,1,94319,1920,1080,1,71.8621,0,delta
432346226,173873141,432346210,432346216,432346211,432346222,0,10,11,12,6,4,11,32,31,1,89136,1920,1080,1,62.0077,0,delta
432346264,173876111,432346249,432346255,432346250,432346260,0,16,10,11,5,5,10,38,39,-1,101396,1920,1080,1,77.2541,0,delta
432346291,173879081,432346277,432346283,432346279,432346288,0,11,10,11,5,3,9,28,28,0,82973,1920,1080,1,69.872,0,delta
432346326,173882051,432346310,432346316,432346312,432346322,0,11,10,12,6,4,10,34,33,1,80756,1920,1080,1,61.5284,0,delta
432346369,173885111,432346354,432346360,432346356,432346366,0,21,9,12,6,3,10,44,44,0,78880,1920,1080,1,60.099,0,delta
432346399,173887991,432346383,432346389,432346385,432346396,0,18,11,13,7,4,11,30,29,1,91377,1920,1080,1,63.5666,0,delta
432346425,173890961,432346411,432346417,432346412,432346422,0,13,10,11,5,4,10,26,28,-2,82210,1920,1080,1,62.6362,0,delta
432346460,173894111,432346445,432346451,432346446,432346457,0,12,10,12,6,3,11,35,34,1,74974,1920,1080,1,52.1558,0,delta
432346493,173896991,432346476,432346482,432346478,432346489,0,11,11,13,7,4,11,32,31,1,66763,1920,1080,1,46.4438,0,delta
432346531,173900231,432346516,432346522,432346518,432346527,0,15,9,11,5,4,9,38,40,-2,91801,1920,1080,1,77.3061,0,delta
432346560,173902931,432346544,432346549,432346545,432346556,0,12,11,12,7,4,11,29,28,1,84864,1920,1080,1,59.0358,0,delta
432346594,173906081,432346579,432346585,432346581,432346590,0,13,10,11,5,4,9,34,35,-1,94635,1920,1080,1,79.6926,0,delta
432346624,173909051,432346610,432346615,432346611,432346620,0,10,9,10,5,4,9,30,31,-1,82251,1920,1080,1,69.264,0,delta
432346659,173912021,432346645,432346651,432346646,432346656,0,13,10,11,5,4,10,36,35,1,89704,1920,1080,1,68.3459,0,delta
432346689,173915081,432346675,432346681,432346676,432346686,0,9,10,11,5,4,10,30,30,0,79726,1920,1080,1,60.7436,0,delta
432346722,173918051,432346709,432346714,432346710,432346720,0,9,10,11,6,2,10,34,34,0,64665,1920,1080,1,49.2686,0,delta
432346743,173920931,432346739,432346744,432346741,432346741,0,7,0,2,-3,3,0,21,30,-9,55116,1920,1080,1,881.856,0,delta
432346790,173923991,432346776,432346782,432346778,432346788,0,11,10,12,6,3,10,47,37,10,64411,1920,1080,1,49.075,0,delta
432346812,173927051,432346808,432346814,432346809,432346810,0,9,0,2,-4,2,1,22,32,-10,58694,1920,1080,1,313.035,0,delta
432346844,173929841,432346839,432346844,432346841,432346841,0,8,0,2,-3,3,0,31,31,0,53173,1920,1080,1,850.768,0,delta
432346876,173932991,432346872,432346878,432346874,432346874,0,7,0,2,-4,3,0,33,33,0,53847,1920,1080,1,861.552,0,delta
432346923,173935961,432346908,432346914,432346910,432346920,0,10,10,12,6,3,10,46,36,10,71324,1920,1080,1,54.3421,0,delta
432346944,173939021,432346940,432346946,432346942,432346942,0,8,0,2,-4,3,0,22,32,-10,49547,1920,1080,1,792.752,0,delta
432346978,173941901,432346974,432346980,432346976,432346976,0,10,0,2,-4,3,0,34,34,0,58446,1920,1080,1,935.136,0,delta
432347010,173944871,432347006,432347012,432347008,432347008,0,9,0,2,-4,3,0,32,32,0,50647,1920,1080,1,810.352,0,delta
432347057,173947931,432347042,432347048,432347043,432347054,0,11,11,12,6,3,11,46,36,10,80833,1920,1080,1,56.2317,0,delta
432347076,173950901,432347072,432347078,432347073,432347073,0,8,0,1,-5,3,0,19,30,-11,39330,1920,1080,1,629.28,0,delta
432347110,173953871,432347106,432347112,432347107,432347108,0,9,0,2,-4,2,1,35,34,1,46133,1920,1080,1,246.043,0,delta
432347156,173956931,432347141,432347147,432347143,432347154,0,10,11,13,7,3,11,46,35,11,64919,1920,1080,1,45.161,0,delta
432347192,173960081,432347178,432347184,432347180,432347189,0,12,9,11,5,3,9,35,37,-2,74683,1920,1080,1,62.8909,0,delta
432347212,173962961,432347208,432347214,432347210,432347210,0,10,0,2,-4,3,0,21,30,-9,53803,1920,1080,1,860.848,0,delta
432347255,173965841,432347240,432347246,432347242,432347252,0,10,11,12,6,3,10,42,32,10,65785,1920,1080,1,50.1219,0,delta
432347275,173968901,432347272,432347278,432347274,432347274,0,8,0,2,-4,2,0,22,32,-10,24543,1920,1080,1,392.688,0,delta
432347323,173971691,432347308,432347313,432347310,432347320,0,12,10,12,7,3,10,46,36,10,85900,1920,1080,1,65.4476,0,delta
432347337,173974751,432347334,432347340,432347336,432347336,0,5,0,2,-4,1,0,16,26,-10,5600,1920,1080,1,89.6,0,delta
432347373,173977811,432347370,432347376,432347372,432347372,0,7,1,2,-4,2,0,36,36,0,27356,1920,1080,1,437.696,0,delta
432347403,173980781,432347400,432347406,432347403,432347403,0,4,0,3,-3,1,0,31,30,1,8838,1920,1080,1,141.408,0,delta
432347440,173983751,432347436,432347442,432347438,432347438,0,7,0,2,-4,2,0,35,36,-1,20383,1920,1080,1,326.128,0,delta
432347470,173986811,432347467,432347473,432347469,432347469,0,4,0,2,-4,1,0,31,31,0,9819,1920,1080,1,157.104,0,delta
432347506,173989781,432347503,432347509,432347504,432347504,0,7,0,1,-5,2,0,35,36,-1,16745,1920,1080,1,267.92,0,delta
432347536,173992751,432347534,432347540,432347535,432347535,0,5,0,1,-5,1,0,31,31,0,8460,1920,1080,1,135.36,0,delta
432347575,173995811,432347571,432347577,432347573,432347573,0,8,0,2,-4,2,0,38,37,1,20341,1920,1080,1,325.456,0,delta
432347604,173998781,432347601,432347607,432347603,432347603,0,5,0,2,-4,1,0,30,30,0,7574,1920,1080,1,121.184,0,delta
432347637,174001751,432347634,432347640,432347636,432347636,0,5,0,2,-4,2,0,33,33,0,7625,1920,1080,1,122,0,delta
432347671,174004721,432347668,432347674,432347669,432347669,0,6,0,1,-5,2,0,33,34,-1,11766,1920,1080,1,188.256,0,delta
432347707,174007781,432347703,432347709,432347705,432347705,0,7,0,2,-4,2,0,36,35,1,21857,1920,1080,1,349.712,0,delta
432347737,174010751,432347734,432347740,432347736,432347736,0,5,0,2,-4,2,0,31,31,0,15424,1920,1080,1,246.784,0,delta
432347772,174013811,432347769,432347775,432347770,432347770,0,6,0,1,-5,2,0,34,35,-1,13953,1920,1080,1,223.248,0,delta
432347806,174016781,432347802,432347808,432347804,432347804,0,6,0,2,-4,2,0,34,33,1,18337,1920,1080,1,293.392,0,delta
432347842,174019751,432347838,432347843,432347839,432347839,0,8,0,1,-4,3,0,35,36,-1,47343,1920,1080,1,757.488,0,delta
432347871,174022721,432347869,432347874,432347870,432347870,0,6,1,1,-4,1,0,31,31,0,16925,1920,1080,1,270.8,0,delta
432347905,174025691,432347903,432347908,432347904,432347904,0,7,0,1,-4,2,0,34,34,0,17256,1920,1080,1,276.096,0,delta
432347939,174028751,432347936,432347941,432347937,432347937,0,6,0,1,-4,2,0,33,33,0,23502,1920,1080,1,376.032,0,delta
432347987,174031721,432347974,432347979,432347974,432347985,0,11,11,11,6,3,11,48,38,10,64063,1920,1080,1,44.5656,0,delta
432348006,174034781,432348004,432348009,432348005,432348005,0,7,0,1,-4,2,0,20,30,-10,24916,1920,1080,1,398.656,0,delta
432348041,174037751,432348038,432348043,432348039,432348039,0,8,0,1,-4,2,0,34,34,0,25341,1920,1080,1,405.456,0,delta
432348074,174040811,432348070,432348076,432348072,432348072,0,7,0,2,-4,2,0,33,32,1,33631,1920,1080,1,538.096,0,delta
432348124,174043781,432348108,432348114,432348110,432348121,0,12,11,13,7,3,11,49,38,11,68784,1920,1080,1,47.8497,0,delta
432348143,174046841,432348139,432348145,432348141,432348141,0,9,0,2,-4,3,0,20,31,-11,38602,1920,1080,1,617.632,0,delta
432348176,174049721,432348172,432348177,432348173,432348173,0,9,0,1,-4,3,0,32,33,-1,44903,1920,1080,1,718.448,0,delta
432348221,174052781,432348207,432348212,432348208,432348219,0,10,11,12,7,3,11,46,35,11,66690,1920,1080,1,46.393,0,delta
432348256,174055841,432348241,432348247,432348243,432348253,0,11,10,12,6,2,10,34,34,0,66173,1920,1080,1,50.4175,0,delta
432348286,174058721,432348272,432348277,432348274,432348284,0,9,10,12,7,3,10,31,31,0,64578,1920,1080,1,49.2023,0,delta
432348309,174061781,432348305,432348311,432348307,432348307,0,9,0,2,-4,3,0,23,33,-10,49642,1920,1080,1,794.272,0,delta
432348343,174064751,432348338,432348343,432348340,432348340,0,8,0,2,-3,3,0,33,33,0,52539,1920,1080,1,840.624,0,delta
432348388,174067811,432348374,432348380,432348376,432348386,0,11,9,12,6,2,10,46,36,10,77672,1920,1080,1,59.1787,0,delta
432348410,174070781,432348406,432348412,432348407,432348408,0,10,0,2,-4,2,1,22,32,-10,59529,1920,1080,1,317.488,0,delta
432348444,174073751,432348440,432348446,432348441,432348441,0,11,0,1,-5,3,0,33,34,-1,48947,1920,1080,1,783.152,0,delta
432348476,174076721,432348472,432348478,432348474,432348474,0,10,0,2,-4,3,0,33,32,1,57433,1920,1080,1,918.928,0,delta
432348521,174079781,432348507,432348513,432348509,432348518,0,11,9,11,5,3,9,44,35,9,74058,1920,1080,1,62.3646,0,delta
432348544,174082751,432348539,432348545,432348541,432348541,0,10,0,2,-4,3,0,23,32,-9,56236,1920,1080,1,899.776,0,delta
432348579,174085811,432348575,432348581,432348577,432348577,0,12,1,2,-4,3,0,36,36,0,57004,1920,1080,1,912.064,0,delta
432348621,174088961,432348616,432348622,432348618,432348618,0,18,0,2,-4,3,0,41,41,0,56834,1920,1080,1,909.344,0,delta
432348659,174091841,432348644,432348650,432348646,432348656,0,14,10,12,6,3,10,38,28,10,70328,1920,1080,1,53.5832,0,delta
432348678,174094811,432348674,432348680,432348676,432348676,0,11,0,2,-4,3,0,20,30,-10,56263,1920,1080,1,900.208,0,delta
432348719,174097781,432348706,432348712,432348707,432348717,0,10,10,11,5,3,10,41,32,9,63998,1920,1080,1,48.7604,0,delta
432348742,174100751,432348738,432348744,432348740,432348740,0,9,0,2,-4,3,0,23,32,-9,49691,1920,1080,1,795.056,0,delta
432348787,174103721,432348773,432348779,432348775,432348785,0,11,9,12,6,2,10,45,35,10,80057,1920,1080,1,60.9958,0,delta
432348819,174106781,432348805,432348811,432348806,432348817,0,9,11,12,6,3,11,32,32,0,61626,1920,1080,1,42.8703,0,delta
432348853,174109751,432348839,432348845,432348841,432348850,0,10,9,11,5,3,9,33,34,-1,64533,1920,1080,1,54.3436,0,delta
432348885,174112811,432348871,432348877,432348873,432348883,0,8,10,12,6,3,10,33,32,1,64798,1920,1080,1,49.3699,0,delta
432348921,174115691,432348907,432348913,432348909,432348918,0,12,9,11,5,3,9,35,36,-1,84865,1920,1080,1,71.4653,0,delta
432348953,174118751,432348939,432348945,432348941,432348950,0,10,9,11,5,2,9,32,32,0,71924,1920,1080,1,60.5676,0,delta
432348987,174121721,432348972,432348978,432348974,432348985,0,10,11,13,7,3,11,35,33,2,78406,1920,1080,1,54.5433,0,delta
432349020,174124781,432349005,432349011,432349007,432349018,0,9,11,13,7,3,11,33,33,0,63974,1920,1080,1,44.5037,0,delta
432349055,174127841,432349041,432349047,432349043,432349052,0,11,9,11,5,3,9,34,36,-2,93036,1920,1080,1,78.3461,0,delta
432349086,174130721,432349072,432349078,432349073,432349083,0,10,10,11,5,2,10,31,31,0,66291,1920,1080,1,50.5074,0,delta
432349119,174133781,432349105,432349111,432349107,432349116,0,9,9,11,5,3,9,33,33,0,75742,1920,1080,1,63.7827,0,delta
432349152,174136751,432349138,432349144,432349140,432349149,0,9,9,11,5,4,9,33,33,0,69931,1920,1080,1,58.8893,0,delta
432349189,174139721,432349175,432349180,432349176,432349186,0,12,10,11,6,3,10,37,37,0,92338,1920,1080,1,70.3528,0,delta
432349219,174142781,432349206,432349211,432349207,432349216,0,9,9,10,5,3,9,30,31,-1,68960,1920,1080,1,58.0716,0,delta
432349242,174145751,432349238,432349244,432349240,432349240,0,9,0,2,-4,3,0,24,32,-8,56725,1920,1080,1,907.6,0,delta
432349286,174148721,432349271,432349277,432349273,432349284,0,9,11,13,7,3,11,44,33,11,61940,1920,1080,1,43.0887,0,delta
432349322,174151781,432349307,432349313,432349308,432349319,0,11,11,12,6,3,11,35,36,-1,67579,1920,1080,1,47.0115,0,delta
432349353,174154751,432349338,432349344,432349340,432349351,0,9,11,13,7,3,11,32,31,1,82786,1920,1080,1,57.5903,0,delta
432349376,174157811,432349372,432349378,432349374,432349374,0,9,0,2,-4,2,0,23,34,-11,60504,1920,1080,1,968.064,0,delta
432349419,174160781,432349404,432349410,432349406,432349416,0,8,11,12,6,3,10,42,32,10,61772,1920,1080,1,47.0644,0,delta
432349456,174163751,432349441,432349447,432349443,432349453,0,12,11,12,6,3,10,37,37,0,82154,1920,1080,1,62.5935,0,delta
432349489,174166811,432349474,432349480,432349476,432349486,0,11,10,12,6,3,10,33,33,0,89544,1920,1080,1,68.224,0,delta
432349523,174169691,432349508,432349514,432349510,432349520,0,13,10,12,6,3,10,34,34,0,88386,1920,1080,1,67.3417,0,delta
432349554,174172751,432349539,432349544,432349541,432349552,0,9,11,13,8,3,11,32,31,1,85830,1920,1080,1,59.7078,0,delta
432349590,174175721,432349575,432349581,432349577,432349587,0,13,11,12,6,3,10,35,36,-1,85268,1920,1080,1,64.9661,0,delta
432349620,174178781,432349607,432349612,432349607,432349617,0,10,10,10,5,3,10,30,32,-2,79481,1920,1080,1,60.557,0,delta
432349655,174181841,432349641,432349646,432349642,432349653,0,10,11,12,7,2,11,36,34,2,71644,1920,1080,1,49.8393,0,delta
432349685,174184721,432349673,432349678,432349674,432349683,0,10,10,10,5,3,9,30,32,-2,64057,1920,1080,1,53.9427,0,delta
432349712,174187781,432349708,432349713,432349709,432349709,0,11,0,1,-4,3,0,26,35,-9,56537,1920,1080,1,904.592,0,delta
432349741,174190751,432349737,432349743,432349739,432349739,0,8,1,2,-4,2,0,30,29,1,44847,1920,1080,1,717.552,0,delta
432349774,174193721,432349771,432349777,432349773,432349773,0,9,0,2,-4,2,0,34,34,0,32068,1920,1080,1,513.088,0,delta
432349806,174196781,432349803,432349809,432349805,432349805,0,7,0,2,-4,1,0,32,32,0,29477,1920,1080,1,471.632,0,delta
432349842,174199751,432349838,432349844,432349840,432349840,0,9,0,2,-4,2,0,35,35,0,29930,1920,1080,1,478.88,0,delta
432349872,174202721,432349869,432349875,432349871,432349871,0,7,0,2,-4,2,0,31,31,0,29152,1920,1080,1,466.432,0,delta
432349908,174205691,432349904,432349910,432349906,432349906,0,9,1,2,-4,2,0,35,35,0,29814,1920,1080,1,477.024,0,delta
432349941,174208751,432349937,432349943,432349939,432349939,0,8,1,2,-4,2,0,33,33,0,41054,1920,1080,1,656.864,0,delta
432349974,174211721,432349971,432349977,432349973,432349973,0,9,0,2,-4,2,0,34,34,0,37302,1920,1080,1,596.832,0,delta
432350009,174214691,432350005,432350011,432350007,432350007,0,10,0,2,-4,2,0,34,34,0,36631,1920,1080,1,586.096,0,delta
432350043,174217751,432350039,432350045,432350040,432350040,0,10,0,1,-5,2,0,33,34,-1,33522,1920,1080,1,536.352,0,delta
432350074,174220721,432350071,432350077,432350072,432350072,0,9,0,1,-5,2,0,32,32,0,32798,1920,1080,1,524.768,0,delta
432350109,174223691,432350105,432350110,432350107,432350107,0,9,0,2,-3,2,0,35,34,1,34246,1920,1080,1,547.936,0,delta
432350140,174226751,432350136,432350142,432350138,432350138,0,7,0,2,-4,3,0,31,31,0,36374,1920,1080,1,581.984,0,delta
432350177,174229721,432350173,432350179,432350175,432350175,0,11,0,2,-4,2,0,37,37,0,34583,1920,1080,1,553.328,0,delta
432350206,174232691,432350202,432350208,432350204,432350204,0,7,0,2,-4,3,0,29,29,0,28087,1920,1080,1,449.392,0,delta
432350245,174235751,432350241,432350247,432350243,432350243,0,12,0,2,-4,2,0,39,39,0,37683,1920,1080,1,602.928,0,delta
432350273,174238721,432350269,432350275,432350271,432350271,0,7,0,2,-4,2,0,28,28,0,30478,1920,1080,1,487.648,0,delta
432350308,174241691,432350304,432350310,432350306,432350306,0,9,0,2,-4,3,0,35,35,0,32286,1920,1080,1,516.576,0,delta
432350338,174244661,432350335,432350340,432350337,432350337,0,6,0,2,-3,2,0,31,31,0,23638,1920,1080,1,378.208,0,delta
432350376,174247721,432350373,432350379,432350374,432350374,0,11,0,1,-5,2,0,37,38,-1,44132,1920,1080,1,706.112,0,delta
432350418,174250781,432350404,432350410,432350406,432350415,0,8,9,11,5,3,9,41,31,10,62813,1920,1080,1,52.8952,0,delta
432350454,174253751,432350439,432350444,432350440,432350451,0,9,11,12,7,3,11,36,35,1,72321,1920,1080,1,50.3103,0,delta
432350486,174256721,432350472,432350476,432350473,432350483,0,8,10,11,7,3,10,32,33,-1,65137,1920,1080,1,49.6282,0,delta
432350524,174259781,432350509,432350514,432350510,432350520,0,12,10,11,6,4,10,37,37,0,97542,1920,1080,1,74.3177,0,delta
432350557,174262841,432350542,432350547,432350543,432350553,0,11,10,11,6,5,10,33,33,0,96821,1920,1080,1,73.7684,0,delta
432350595,174265721,432350579,432350584,432350579,432350590,0,16,11,11,6,5,11,37,37,0,106790,1920,1080,1,74.2887,0,delta
432350626,174268871,432350610,432350615,432350611,432350621,0,12,11,11,6,5,10,31,31,0,97982,1920,1080,1,74.653,0,delta
432350675,174271751,432350648,432350653,432350649,432350668,0,18,19,20,15,7,19,47,38,9,139547,1920,1080,1,57.2501,0,delta
432350691,174274811,432350675,432350680,432350677,432350687,0,11,11,12,7,5,10,19,27,-8,99687,1920,1080,1,75.952,0,delta
432350738,174277781,432350722,432350728,432350724,432350734,0,26,10,12,6,4,10,47,47,0,91034,1920,1080,1,69.3592,0,delta
432350754,174280661,432350738,432350744,432350740,432350750,0,10,10,12,6,4,10,16,16,0,72306,1920,1080,1,55.0903,0,delta
432350794,174283721,432350777,432350783,432350779,432350790,0,15,11,13,7,5,11,40,39,1,105275,1920,1080,1,73.2348,0,delta
432350826,174286871,432350809,432350815,432350811,432350821,0,12,10,12,6,4,10,31,32,-1,90547,1920,1080,1,68.9882,0,delta
432350859,174289931,432350844,432350850,432350845,432350855,0,13,10,11,5,4,10,34,35,-1,88973,1920,1080,1,67.789,0,delta
432350890,174292721,432350874,432350880,432350876,432350886,0,12,10,12,6,4,10,31,30,1,78239,1920,1080,1,59.6107,0,delta
432350926,174295691,432350911,432350917,432350912,432350923,0,16,11,12,6,4,11,37,37,0,97561,1920,1080,1,67.8685,0,delta
432350955,174298661,432350940,432350946,432350941,432350952,0,12,11,12,6,3,11,29,29,0,78886,1920,1080,1,54.8772,0,delta
432350990,174301901,432350976,432350982,432350978,432350987,0,12,9,11,5,4,9,35,36,-1,82285,1920,1080,1,69.2926,0,delta
432351022,174304691,432351006,432351012,432351008,432351019,0,11,11,13,7,3,11,32,30,2,71482,1920,1080,1,49.7266,0,delta
432351058,174307751,432351042,432351048,432351044,432351055,0,13,11,13,7,4,11,36,36,0,100072,1920,1080,1,69.6153,0,delta
432351088,174310721,432351072,432351078,432351074,432351084,0,10,11,12,6,5,10,29,30,-1,84914,1920,1080,1,64.6964,0,delta
432351123,174313781,432351107,432351113,432351109,432351119,0,11,11,12,6,4,10,35,35,0,89050,1920,1080,1,67.8476,0,delta
432351152,174316751,432351138,432351144,432351140,432351150,0,9,9,12,6,3,10,31,31,0,74775,1920,1080,1,56.9714,0,delta
432351190,174319721,432351175,432351181,432351177,432351187,0,13,10,12,6,4,10,37,37,0,100516,1920,1080,1,76.5836,0,delta
432351223,174322781,432351207,432351213,432351209,432351220,0,11,11,13,7,4,11,33,32,1,92829,1920,1080,1,64.5767,0,delta
432351256,174325841,432351241,432351247,432351242,432351253,0,11,11,12,6,4,11,33,34,-1,89210,1920,1080,1,62.0591,0,delta
432351287,174328721,432351272,432351278,432351274,432351283,0,10,9,11,5,5,9,30,31,-1,83537,1920,1080,1,70.3469,0,delta
432351324,174331781,432351309,432351315,432351311,432351320,0,13,9,11,5,4,9,37,37,0,97545,1920,1080,1,82.1432,0,delta
432351354,174334751,432351340,432351346,432351342,432351351,0,11,9,11,5,3,9,31,31,0,81688,1920,1080,1,68.7899,0,delta
432351389,174337811,432351375,432351380,432351376,432351385,0,11,9,10,5,4,9,34,35,-1,77460,1920,1080,1,65.2295,0,delta
432351421,174340781,432351406,432351412,432351407,432351418,0,10,11,12,6,4,11,33,31,2,75978,1920,1080,1,52.8543,0,delta
432351455,174343841,432351440,432351446,432351442,432351453,0,10,11,13,7,3,11,35,34,1,78898,1920,1080,1,54.8856,0,delta
432351487,174346721,432351472,432351478,432351474,432351484,0,10,11,12,6,4,10,31,32,-1,72064,1920,1080,1,54.9059,0,delta
432351522,174349781,432351507,432351513,432351509,432351519,0,11,11,12,6,3,10,35,35,0,70094,1920,1080,1,53.405,0,delta
432351552,174352751,432351538,432351544,432351540,432351550,0,9,10,12,6,3,10,31,31,0,64288,1920,1080,1,48.9813,0,delta
432351588,174355811,432351573,432351579,432351575,432351586,0,10,10,13,7,3,11,36,35,1,77156,1920,1080,1,53.6737,0,delta
432351618,174358781,432351604,432351610,432351606,432351616,0,8,10,12,6,2,10,30,31,-1,75658,1920,1080,1,57.6442,0,delta
432351657,174361841,432351643,432351649,432351645,432351654,0,13,10,11,5,4,9,38,39,-1,73996,1920,1080,1,62.3124,0,delta
432351687,174364721,432351672,432351678,432351674,432351685,0,10,11,13,7,3,11,31,29,2,70219,1920,1080,1,48.848,0,delta
432351722,174367781,432351708,432351714,432351709,432351719,0,12,10,11,5,4,10,34,36,-2,79075,1920,1080,1,60.2476,0,delta
432351754,174370841,432351740,432351746,432351742,432351751,0,10,9,11,5,3,9,32,32,0,76086,1920,1080,1,64.0724,0,delta
432351786,174373721,432351773,432351778,432351773,432351784,0,10,11,11,6,3,11,33,33,0,70739,1920,1080,1,49.2097,0,delta
432351818,174376691,432351805,432351810,432351806,432351816,0,9,10,11,6,3,10,32,32,0,66888,1920,1080,1,50.9623,0,delta
432351855,174379751,432351842,432351847,432351842,432351852,0,12,10,10,5,3,10,36,37,-1,76227,1920,1080,1,58.0777,0,delta
432351887,174382721,432351873,432351878,432351874,432351884,0,10,11,11,6,3,10,32,31,1,70476,1920,1080,1,53.696,0,delta
432351920,174385781,432351906,432351911,432351907,432351917,0,9,10,11,6,2,10,33,33,0,67258,1920,1080,1,51.2442,0,delta
432351952,174388751,432351937,432351943,432351939,432351949,0,8,11,12,6,3,10,32,31,1,64470,1920,1080,1,49.12,0,delta
432351987,174391721,432351973,432351979,432351974,432351985,0,11,11,12,6,3,11,36,36,0,67490,1920,1080,1,46.9496,0,delta
432352019,174394781,432352005,432352011,432352007,432352017,0,9,10,12,6,3,10,32,32,0,64309,1920,1080,1,48.9973,0,delta
432352053,174397751,432352039,432352045,432352040,432352050,0,10,10,11,5,4,10,33,34,-1,67498,1920,1080,1,51.427,0,delta
432352086,174400721,432352072,432352078,432352074,432352083,0,10,10,11,5,4,9,33,33,0,66055,1920,1080,1,55.6253,0,delta
432352123,174403781,432352108,432352114,432352110,432352120,0,12,10,12,6,3,10,37,36,1,76591,1920,1080,1,58.355,0,delta
432352154,174406841,432352140,432352146,432352141,432352152,0,10,11,12,6,3,11,32,32,0,64626,1920,1080,1,44.9572,0,delta
432352189,174409721,432352174,432352180,432352176,432352186,0,12,10,12,6,3,10,34,34,0,71270,1920,1080,1,54.301,0,delta
432352221,174412781,432352206,432352212,432352207,432352218,0,10,11,12,6,3,11,32,32,0,64785,1920,1080,1,45.0678,0,delta
432352257,174415751,432352242,432352248,432352244,432352254,0,13,11,12,6,3,10,36,36,0,77247,1920,1080,1,58.8549,0,delta
432352287,174418811,432352272,432352278,432352274,432352284,0,9,10,12,6,2,10,30,30,0,67485,1920,1080,1,51.4171,0,delta
432352310,174421781,432352306,432352312,432352307,432352307,0,10,0,1,-5,2,0,23,34,-11,60321,1920,1080,1,965.136,0,delta
432352341,174424751,432352337,432352343,432352339,432352339,0,8,1,2,-4,2,0,32,31,1,49778,1920,1080,1,796.448,0,delta
432352388,174427721,432352374,432352380,432352376,432352386,0,12,11,12,6,3,10,47,37,10,68582,1920,1080,1,52.253,0,delta
432352419,174430781,432352404,432352410,432352406,432352417,0,8,11,13,7,3,11,31,30,1,60995,1920,1080,1,42.4313,0,delta
432352446,174433751,432352441,432352447,432352443,432352443,0,12,1,2,-4,3,0,26,37,-11,58086,1920,1080,1,929.376,0,delta
432352477,174436811,432352472,432352478,432352473,432352474,0,9,0,2,-4,3,1,31,31,0,51854,1920,1080,1,276.555,0,delta
432352520,174439781,432352507,432352513,432352509,432352518,0,11,10,11,5,3,9,44,35,9,65502,1920,1080,1,55.1596,0,delta
432352553,174442751,432352538,432352544,432352539,432352550,0,9,11,12,6,3,11,32,31,1,65111,1920,1080,1,45.2946,0,delta
432352576,174445721,432352572,432352578,432352573,432352574,0,10,0,2,-4,3,1,24,34,-10,57590,1920,1080,1,307.147,0,delta
432352611,174448781,432352606,432352612,432352608,432352608,0,10,0,2,-4,3,0,34,34,0,51442,1920,1080,1,823.072,0,delta
432352655,174451751,432352641,432352647,432352643,432352652,0,12,9,11,5,4,9,44,35,9,76537,1920,1080,1,64.4522,0,delta
432352691,174454811,432352676,432352682,432352677,432352688,0,13,11,12,6,4,11,36,35,1,69142,1920,1080,1,48.0988,0,delta
432352725,174457871,432352710,432352716,432352712,432352722,0,13,11,12,6,4,10,34,34,0,74658,1920,1080,1,56.8823,0,delta
432352746,174460751,432352741,432352747,432352743,432352743,0,12,0,2,-4,4,0,21,31,-10,54650,1920,1080,1,874.4,0,delta
432352793,174463811,432352778,432352784,432352780,432352790,0,15,11,12,6,4,10,47,37,10,82042,1920,1080,1,62.5082,0,delta
432352822,174466781,432352808,432352814,432352810,432352819,0,12,10,11,5,4,9,29,30,-1,66695,1920,1080,1,56.1642,0,delta
432352861,174469661,432352841,432352847,432352843,432352856,0,13,10,15,9,5,13,37,33,4,74085,1920,1080,1,43.9022,0,delta
432352880,174472991,432352875,432352881,432352876,432352877,0,10,0,2,-4,3,1,21,34,-13,59890,1920,1080,1,319.413,0,delta
432352925,174475781,432352910,432352916,432352911,432352922,0,14,11,12,6,4,11,45,35,10,100330,1920,1080,1,69.7948,0,delta
432352953,174478751,432352938,432352944,432352940,432352950,0,9,10,12,6,4,10,28,28,0,80285,1920,1080,1,61.1695,0,delta
432352991,174481721,432352974,432352980,432352976,432352986,0,12,10,12,6,5,10,36,36,0,104457,1920,1080,1,79.5863,0,delta
432353023,174484781,432353007,432353013,432353009,432353019,0,11,9,12,6,5,10,33,33,0,106779,1920,1080,1,81.3554,0,delta
432353069,174487751,432353042,432353048,432353044,432353063,0,13,19,21,15,7,19,44,35,9,133503,1920,1080,1,54.7705,0,delta
432353090,174490811,432353073,432353079,432353075,432353086,0,10,11,13,7,4,11,23,31,-8,88501,1920,1080,1,61.5659,0,delta
432353121,174493781,432353106,432353112,432353108,432353117,0,10,9,11,5,5,9,31,33,-2,94780,1920,1080,1,79.8147,0,delta
432353156,174496751,432353139,432353145,432353141,432353151,0,10,10,12,6,4,10,34,33,1,97036,1920,1080,1,73.9322,0,delta
432353192,174499811,432353176,432353182,432353178,432353188,0,13,10,12,6,5,10,37,37,0,114615,1920,1080,1,87.3257,0,delta
432353223,174502871,432353208,432353214,432353210,432353219,0,11,9,11,5,5,9,31,32,-1,100386,1920,1080,1,84.5356,0,delta
432353256,174505751,432353241,432353247,432353243,432353253,0,12,9,12,6,4,10,34,33,1,89954,1920,1080,1,68.5364,0,delta
432353288,174508811,432353273,432353279,432353275,432353285,0,10,10,12,6,4,10,32,32,0,78137,1920,1080,1,59.533,0,delta
432353323,174511781,432353307,432353313,432353309,432353320,0,11,11,13,7,3,11,35,34,1,89527,1920,1080,1,62.2797,0,delta
432353343,174514751,432353338,432353344,432353339,432353339,0,9,0,1,-5,4,0,19,31,-12,56932,1920,1080,1,910.912,0,delta
432353386,174517721,432353372,432353378,432353374,432353384,0,10,11,12,6,3,10,45,34,11,62439,1920,1080,1,47.5726,0,delta
432353408,174520691,432353404,432353410,432353405,432353405,0,9,0,1,-5,3,0,21,32,-11,48875,1920,1080,1,782,0,delta
432353454,174523751,432353440,432353446,432353441,432353452,0,11,11,12,6,3,11,47,36,11,86088,1920,1080,1,59.8873,0,delta
432353485,174526721,432353471,432353477,432353472,432353483,0,9,11,12,6,3,11,31,31,0,73595,1920,1080,1,51.1965,0,delta
432353519,174529691,432353505,432353511,432353507,432353516,0,10,9,11,5,4,9,33,34,-1,73252,1920,1080,1,61.6859,0,delta
432353541,174532751,432353536,432353542,432353538,432353539,0,7,0,3,-3,3,1,23,31,-8,57787,1920,1080,1,308.197,0,delta
432353588,174535721,432353572,432353578,432353574,432353585,0,10,11,13,7,3,11,46,36,10,85249,1920,1080,1,59.3037,0,delta
432353618,174538781,432353604,432353610,432353606,432353616,0,8,10,12,6,3,10,31,32,-1,66884,1920,1080,1,50.9592,0,delta
432353653,174541751,432353639,432353645,432353641,432353650,0,10,10,11,5,3,9,34,35,-1,74808,1920,1080,1,62.9962,0,delta
432353685,174544721,432353671,432353677,432353672,432353683,0,9,11,12,6,3,11,33,32,1,63570,1920,1080,1,44.2226,0,delta
432353723,174547691,432353709,432353715,432353710,432353720,0,14,10,11,5,3,10,37,38,-1,84943,1920,1080,1,64.7185,0,delta
432353752,174550751,432353737,432353743,432353739,432353749,0,8,9,12,6,3,10,29,28,1,69062,1920,1080,1,52.6187,0,delta
432353787,174553721,432353771,432353777,432353773,432353784,0,9,11,13,7,3,11,35,34,1,74711,1920,1080,1,51.9729,0,delta
432353820,174556691,432353806,432353812,432353808,432353817,0,11,10,11,5,4,9,33,35,-2,65826,1920,1080,1,55.4324,0,delta
432353857,174559751,432353841,432353847,432353843,432353854,0,12,11,13,7,3,11,37,35,2,83228,1920,1080,1,57.8977,0,delta
432353883,174562721,432353869,432353875,432353871,432353880,0,7,9,11,5,3,9,26,28,-2,70369,1920,1080,1,59.2581,0,delta
432353919,174565691,432353905,432353911,432353907,432353916,0,10,9,11,5,3,9,36,36,0,61557,1920,1080,1,51.8375,0,delta
432353941,174568751,432353936,432353942,432353938,432353938,0,7,0,2,-4,3,0,22,31,-9,57998,1920,1080,1,927.968,0,delta
432353987,174571721,432353972,432353978,432353974,432353984,0,10,11,12,6,3,10,46,36,10,63251,1920,1080,1,48.1912,0,delta
432354008,174574691,432354004,432354010,432354006,432354006,0,9,0,2,-4,3,0,22,32,-10,57701,1920,1080,1,923.216,0,delta
432354053,174577661,432354038,432354044,432354039,432354050,0,10,11,12,6,3,11,44,34,10,64489,1920,1080,1,44.8619,0,delta
432354085,174580721,432354071,432354077,432354072,432354083,0,9,11,12,6,3,11,33,33,0,62736,1920,1080,1,43.6424,0,delta
432354122,174583781,432354108,432354114,432354110,432354119,0,12,9,11,5,2,9,36,37,-1,66271,1920,1080,1,55.8072,0,delta
432354142,174586751,432354138,432354144,432354139,432354139,0,9,0,1,-5,3,0,20,30,-10,55842,1920,1080,1,893.472,0,delta
432354188,174589721,432354172,432354178,432354174,432354185,0,10,10,13,7,3,11,46,34,12,62282,1920,1080,1,43.3266,0,delta
432354211,174592781,432354206,432354212,432354208,432354208,0,10,0,2,-4,3,0,23,34,-11,58555,1920,1080,1,936.88,0,delta
432354256,174595751,432354242,432354248,432354244,432354254,0,13,10,12,6,3,10,46,36,10,75251,1920,1080,1,57.3341,0,delta
432354286,174598721,432354272,432354278,432354274,432354283,0,10,9,11,5,3,9,29,30,-1,65899,1920,1080,1,55.4939,0,delta
432354309,174601781,432354305,432354311,432354307,432354307,0,9,0,2,-4,2,0,24,33,-9,59581,1920,1080,1,953.296,0,delta
432354342,174604751,432354338,432354344,432354339,432354340,0,9,0,2,-4,3,1,33,33,0,46595,1920,1080,1,248.507,0,delta
432354387,174607721,432354373,432354379,432354375,432354385,0,11,11,12,6,3,10,45,35,10,70106,1920,1080,1,53.4141,0,delta
432354407,174610691,432354403,432354409,432354405,432354405,0,8,0,2,-4,3,0,20,30,-10,55403,1920,1080,1,886.448,0,delta
432354453,174613661,432354439,432354445,432354441,432354451,0,11,10,12,6,3,10,46,36,10,64913,1920,1080,1,49.4575,0,delta
432354476,174616721,432354471,432354477,432354473,432354473,0,9,1,2,-4,3,0,22,32,-10,56945,1920,1080,1,911.12,0,delta
432354521,174619691,432354507,432354513,432354508,432354519,0,12,11,12,6,2,11,46,36,10,64726,1920,1080,1,45.0268,0,delta
432354541,174622661,432354537,432354543,432354539,432354539,0,9,0,2,-4,3,0,20,30,-10,56166,1920,1080,1,898.656,0,delta
432354586,174625631,432354571,432354576,432354573,432354584,0,9,11,13,8,3,11,45,34,11,66086,1920,1080,1,45.9729,0,delta
432354609,174628781,432354605,432354611,432354607,432354607,0,9,0,2,-4,3,0,23,34,-11,57822,1920,1080,1,925.152,0,delta
432354656,174631751,432354641,432354647,432354643,432354653,0,12,10,12,6,3,10,46,36,10,65579,1920,1080,1,49.965,0,delta
432354676,174634721,432354672,432354678,432354674,432354674,0,10,1,2,-4,2,0,21,31,-10,54307,1920,1080,1,868.912,0,delta
432354710,174637781,432354706,432354712,432354708,432354708,0,10,0,2,-4,3,0,34,34,0,57376,1920,1080,1,918.016,0,delta
432354743,174640751,432354738,432354744,432354740,432354740,0,9,0,2,-4,3,0,32,32,0,53691,1920,1080,1,859.056,0,delta
432354786,174643721,432354772,432354778,432354774,432354783,0,10,9,11,5,3,9,43,34,9,62759,1920,1080,1,52.8497,0,delta
432354807,174646691,432354803,432354809,432354804,432354804,0,8,0,1,-5,3,0,21,31,-10,54307,1920,1080,1,868.912,0,delta
432354843,174649751,432354839,432354845,432354841,432354841,0,10,0,2,-4,3,0,37,36,1,57703,1920,1080,1,923.248,0,delta
432354874,174652721,432354870,432354876,432354872,432354872,0,8,0,2,-4,3,0,31,31,0,53719,1920,1080,1,859.504,0,delta
432354920,174655691,432354906,432354912,432354908,432354917,0,11,9,11,5,2,9,45,36,9,62324,1920,1080,1,52.4834,0,delta
432354942,174658751,432354937,432354943,432354939,432354939,0,8,0,2,-4,3,0,22,31,-9,55393,1920,1080,1,886.288,0,delta
432354977,174661721,432354972,432354978,432354973,432354974,0,10,0,2,-4,3,1,35,35,0,56430,1920,1080,1,300.96,0,delta
432355009,174664781,432355004,432355010,432355006,432355006,0,8,0,2,-4,3,0,32,32,0,48983,1920,1080,1,783.728,0,delta
432355053,174667751,432355040,432355046,432355042,432355051,0,11,9,11,5,3,9,45,36,9,60873,1920,1080,1,51.2615,0,delta
432355073,174670721,432355070,432355076,432355071,432355071,0,8,0,1,-5,2,0,20,30,-10,47683,1920,1080,1,762.928,0,delta
432355118,174673961,432355113,432355119,432355115,432355115,0,15,0,2,-4,3,0,44,43,1,54350,1920,1080,1,869.6,0,delta
432355144,174676751,432355139,432355145,432355141,432355141,0,10,1,2,-4,3,0,26,26,0,48902,1920,1080,1,782.432,0,delta
432355179,174679721,432355174,432355180,432355176,432355176,0,12,0,2,-4,3,0,35,35,0,55444,1920,1080,1,887.104,0,delta
432355207,174682691,432355203,432355209,432355205,432355205,0,8,0,2,-4,3,0,29,29,0,43783,1920,1080,1,700.528,0,delta
432355245,174685751,432355241,432355247,432355243,432355243,0,12,1,2,-4,3,0,38,38,0,46447,1920,1080,1,743.152,0,delta
432355276,174688721,432355271,432355277,432355273,432355273,0,9,0,2,-4,3,0,30,30,0,43368,1920,1080,1,693.888,0,delta
432355311,174691691,432355307,432355313,432355309,432355309,0,12,0,2,-4,3,0,36,36,0,47395,1920,1080,1,758.32,0,delta
432355340,174694661,432355335,432355341,432355337,432355337,0,7,0,2,-4,3,0,28,28,0,41003,1920,1080,1,656.048,0,delta
432355374,174697721,432355372,432355377,432355372,432355372,0,9,0,0,-5,2,0,35,37,-2,39655,1920,1080,1,634.48,0,delta
432355407,174700781,432355403,432355409,432355405,432355405,0,7,0,2,-4,2,0,33,31,2,36567,1920,1080,1,585.072,0,delta
432355443,174703751,432355438,432355444,432355440,432355441,0,9,0,3,-3,2,1,36,35,1,35738,1920,1080,1,190.603,0,delta
432355472,174706631,432355469,432355475,432355470,432355471,0,8,0,2,-4,2,1,30,31,-1,35412,1920,1080,1,188.864,0,delta
432355509,174709691,432355505,432355511,432355507,432355507,0,10,0,2,-4,3,0,36,36,0,31759,1920,1080,1,508.144,0,delta
432355539,174712661,432355536,432355542,432355537,432355538,0,8,0,2,-4,2,1,31,31,0,29656,1920,1080,1,158.165,0,delta
432355576,174715721,432355573,432355579,432355575,432355575,0,11,0,2,-4,1,0,37,37,0,30891,1920,1080,1,494.256,0,delta
432355607,174718691,432355603,432355609,432355605,432355605,0,8,0,2,-4,2,0,30,30,0,29653,1920,1080,1,474.448,0,delta
432355641,174721751,432355638,432355643,432355639,432355639,0,8,0,1,-4,2,0,34,35,-1,30812,1920,1080,1,492.992,0,delta
432355675,174724721,432355672,432355677,432355673,432355673,0,9,0,1,-4,3,0,34,34,0,36055,1920,1080,1,576.88,0,delta
432355710,174727691,432355707,432355713,432355708,432355708,0,12,0,1,-5,1,0,35,35,0,32200,1920,1080,1,515.2,0,delta
432355740,174730751,432355736,432355742,432355738,432355738,0,7,0,2,-4,2,0,30,29,1,33989,1920,1080,1,543.824,0,delta
432355775,174733721,432355771,432355777,432355772,432355772,0,9,0,1,-5,3,0,34,35,-1,32981,1920,1080,1,527.696,0,delta
432355807,174736691,432355803,432355809,432355805,432355805,0,8,0,2,-4,2,0,33,32,1,30433,1920,1080,1,486.928,0,delta
432355841,174739751,432355838,432355844,432355840,432355840,0,9,0,2,-4,2,0,35,35,0,33550,1920,1080,1,536.8,0,delta
432355873,174742721,432355869,432355875,432355871,432355871,0,7,0,2,-4,2,0,31,31,0,31949,1920,1080,1,511.184,0,delta
432355907,174745691,432355904,432355910,432355906,432355906,0,9,0,2,-4,2,0,35,35,0,29672,1920,1080,1,474.752,0,delta
432355940,174748751,432355936,432355942,432355938,432355938,0,7,0,2,-4,3,0,32,32,0,26051,1920,1080,1,416.816,0,delta
432355976,174751721,432355972,432355978,432355974,432355975,0,10,0,3,-3,2,1,37,36,1,26986,1920,1080,1,143.925,0,delta
432356006,174754691,432356003,432356009,432356004,432356005,0,8,0,2,-4,1,1,30,31,-1,25255,1920,1080,1,134.693,0,delta
432356040,174757661,432356036,432356041,432356038,432356038,0,7,0,2,-3,2,0,33,33,0,23829,1920,1080,1,381.264,0,delta
432356077,174760721,432356073,432356079,432356075,432356075,0,11,1,2,-4,3,0,37,37,0,27231,1920,1080,1,435.696,0,delta
432356113,174763781,432356109,432356115,432356111,432356111,0,13,0,2,-4,3,0,36,36,0,27381,1920,1080,1,438.096,0,delta
432356141,174766751,432356137,432356143,432356139,432356139,0,8,0,2,-4,2,0,28,28,0,28280,1920,1080,1,452.48,0,delta
432356174,174769721,432356170,432356176,432356172,432356172,0,8,0,2,-4,2,0,33,33,0,30842,1920,1080,1,493.472,0,delta
432356205,174772691,432356202,432356208,432356204,432356204,0,7,0,2,-4,1,0,32,32,0,27028,1920,1080,1,432.448,0,delta
432356240,174775661,432356237,432356243,432356238,432356238,0,9,0,1,-5,2,0,34,35,-1,29697,1920,1080,1,475.152,0,delta
432356274,174778811,432356270,432356276,432356272,432356272,0,7,0,2,-4,2,0,34,33,1,36254,1920,1080,1,580.064,0,delta
432356308,174781781,432356304,432356310,432356305,432356305,0,8,0,1,-5,3,0,33,34,-1,41703,1920,1080,1,667.248,0,delta
432356340,174784751,432356336,432356342,432356338,432356338,0,7,0,2,-4,2,0,33,32,1,38842,1920,1080,1,621.472,0,delta
432356374,174787721,432356371,432356377,432356372,432356372,0,9,0,1,-5,3,0,34,35,-1,38495,1920,1080,1,615.92,0,delta
432356405,174790691,432356402,432356408,432356403,432356403,0,7,0,1,-5,3,0,31,31,0,31693,1920,1080,1,507.088,0,delta
432356440,174793751,432356436,432356442,432356438,432356438,0,7,0,2,-4,2,0,35,34,1,34147,1920,1080,1,546.352,0,delta
432356473,174796721,432356469,432356475,432356471,432356471,0,7,0,2,-4,3,0,33,33,0,33970,1920,1080,1,543.52,0,delta
432356507,174799691,432356504,432356510,432356505,432356506,0,9,0,2,-4,2,1,35,35,0,44093,1920,1080,1,235.163,0,delta
432356538,174802661,432356535,432356541,432356536,432356536,0,7,0,1,-5,2,0,30,31,-1,36515,1920,1080,1,584.24,0,delta
432356574,174805721,432356570,432356576,432356572,432356572,0,8,0,2,-4,3,0,36,35,1,38632,1920,1080,1,618.112,0,delta
432356605,174808691,432356602,432356608,432356603,432356604,0,7,0,2,-4,2,1,32,32,0,30731,1920,1080,1,163.899,0,delta
432356643,174811751,432356639,432356645,432356641,432356641,0,10,0,2,-4,2,0,37,37,0,40890,1920,1080,1,654.24,0,delta
432356672,174814721,432356669,432356675,432356671,432356671,0,7,0,2,-4,2,0,30,30,0,35535,1920,1080,1,568.56,0,delta
432356706,174817691,432356703,432356709,432356704,432356705,0,8,0,2,-4,2,1,34,34,0,39471,1920,1080,1,210.512,0,delta
432356739,174820751,432356736,432356742,432356737,432356738,0,7,0,2,-4,2,1,33,33,0,35242,1920,1080,1,187.957,0,delta
432356774,174823721,432356771,432356777,432356772,432356773,0,9,0,2,-4,2,1,35,35,0,37493,1920,1080,1,199.963,0,delta
432356805,174826691,432356802,432356808,432356803,432356804,0,7,0,2,-4,2,1,31,31,0,32818,1920,1080,1,175.029,0,delta
432356840,174829661,432356836,432356842,432356838,432356838,0,8,0,2,-4,2,0,34,34,0,34116,1920,1080,1,545.856,0,delta
432356873,174832721,432356869,432356874,432356871,432356871,0,6,0,2,-3,2,0,33,33,0,32687,1920,1080,1,522.992,0,delta
432356908,174835691,432356904,432356909,432356906,432356906,0,8,0,2,-3,3,0,35,35,0,40235,1920,1080,1,643.76,0,delta
432356939,174838751,432356936,432356942,432356937,432356938,0,7,0,2,-4,1,1,32,32,0,34401,1920,1080,1,183.472,0,delta
432356974,174841721,432356970,432356976,432356972,432356972,0,8,0,2,-4,2,0,34,34,0,38139,1920,1080,1,610.224,0,delta
432357007,174844781,432357003,432357009,432357005,432357005,0,7,0,2,-4,3,0,33,33,0,38005,1920,1080,1,608.08,0,delta
432357042,174847751,432357038,432357044,432357040,432357040,0,9,0,2,-4,2,0,35,35,0,44388,1920,1080,1,710.208,0,delta
432357073,174850721,432357069,432357075,432357071,432357071,0,7,0,2,-4,3,0,31,31,0,39594,1920,1080,1,633.504,0,delta
432357107,174853691,432357104,432357110,432357105,432357106,0,9,0,2,-4,2,1,35,35,0,41019,1920,1080,1,218.768,0,delta
432357140,174856661,432357136,432357142,432357138,432357138,0,8,1,2,-4,2,0,32,32,0,36196,1920,1080,1,579.136,0,delta
432357176,174859721,432357172,432357178,432357174,432357174,0,10,0,2,-4,2,0,36,36,0,42176,1920,1080,1,674.816,0,delta
432357207,174862691,432357204,432357209,432357205,432357205,0,8,0,1,-4,2,0,31,32,-1,39600,1920,1080,1,633.6,0,delta
432357241,174865661,432357237,432357242,432357239,432357240,0,8,0,3,-2,2,1,35,33,2,43927,1920,1080,1,234.277,0,delta
432357274,174868721,432357270,432357276,432357272,432357272,0,8,0,2,-4,2,0,32,33,-1,44551,1920,1080,1,712.816,0,delta
432357310,174871781,432357306,432357312,432357308,432357308,0,10,0,2,-4,2,0,36,36,0,47623,1920,1080,1,761.968,0,delta
432357343,174874751,432357339,432357345,432357341,432357341,0,10,0,2,-4,2,0,33,33,0,46691,1920,1080,1,747.056,0,delta
432357377,174877721,432357372,432357378,432357374,432357374,0,10,1,2,-4,3,0,33,33,0,48876,1920,1080,1,782.016,0,delta
432357409,174880691,432357406,432357412,432357407,432357407,0,11,0,1,-5,3,0,33,34,-1,46003,1920,1080,1,736.048,0,delta
432357443,174883751,432357439,432357445,432357441,432357441,0,10,0,2,-4,3,0,34,33,1,53068,1920,1080,1,849.088,0,delta
432357473,174886721,432357469,432357475,432357471,432357471,0,7,0,2,-4,2,0,30,30,0,48121,1920,1080,1,769.936,0,delta
432357507,174889691,432357503,432357509,432357505,432357505,0,8,0,2,-4,2,0,34,34,0,42800,1920,1080,1,684.8,0,delta
432357541,174892751,432357537,432357543,432357539,432357539,0,8,0,2,-4,3,0,34,34,0,40491,1920,1080,1,647.856,0,delta
432357576,174895721,432357572,432357578,432357574,432357574,0,10,1,2,-4,2,0,35,35,0,43910,1920,1080,1,702.56,0,delta
432357607,174898781,432357603,432357609,432357605,432357605,0,7,0,2,-4,3,0,31,31,0,37891,1920,1080,1,606.256,0,delta
432357641,174901751,432357638,432357644,432357639,432357640,0,9,0,2,-4,2,1,35,35,0,40481,1920,1080,1,215.899,0,delta
432357674,174904811,432357671,432357677,432357672,432357673,0,8,0,2,-4,2,1,33,33,0,35864,1920,1080,1,191.275,0,delta
432357710,174907781,432357707,432357713,432357708,432357708,0,11,0,1,-5,2,0,35,36,-1,36399,1920,1080,1,582.384,0,delta
432357740,174910751,432357737,432357743,432357739,432357739,0,8,0,2,-4,2,0,31,30,1,35489,1920,1080,1,567.824,0,delta
432357775,174913721,432357771,432357777,432357773,432357773,0,9,0,2,-4,2,0,34,34,0,36894,1920,1080,1,590.304,0,delta
432357806,174916691,432357803,432357808,432357805,432357805,0,7,0,2,-3,2,0,32,32,0,34592,1920,1080,1,553.472,0,delta
432357842,174919751,432357839,432357845,432357841,432357841,0,10,0,2,-4,2,0,36,36,0,38317,1920,1080,1,613.072,0,delta
432357873,174922721,432357869,432357875,432357871,432357871,0,7,0,2,-4,2,0,30,30,0,37341,1920,1080,1,597.456,0,delta
432357908,174925691,432357904,432357910,432357906,432357906,0,9,1,2,-4,2,0,35,35,0,36202,1920,1080,1,579.232,0,delta
432357940,174928751,432357937,432357943,432357938,432357938,0,8,0,1,-5,3,0,32,33,-1,33304,1920,1080,1,532.864,0,delta
432357977,174931721,432357974,432357979,432357975,432357975,0,11,0,1,-4,2,0,37,37,0,46514,1920,1080,1,744.224,0,delta
432358009,174934691,432358006,432358011,432358007,432358007,0,10,0,1,-4,3,0,32,32,0,50476,1920,1080,1,807.616,0,delta
432358042,174937661,432358039,432358044,432358040,432358040,0,10,0,1,-4,3,0,33,33,0,55489,1920,1080,1,887.824,0,delta
432358076,174940721,432358073,432358078,432358073,432358073,0,10,0,0,-5,3,0,33,34,-1,50353,1920,1080,1,805.648,0,delta
432358123,174943781,432358109,432358114,432358110,432358121,0,12,10,12,7,2,11,48,36,12,66038,1920,1080,1,45.9395,0,delta
432358143,174946751,432358138,432358144,432358140,432358140,0,9,0,2,-4,3,0,19,29,-10,60519,1920,1080,1,968.304,0,delta
432358188,174949721,432358173,432358179,432358175,432358186,0,11,11,13,7,3,11,46,35,11,64707,1920,1080,1,45.0136,0,delta
432358209,174952691,432358204,432358210,432358206,432358206,0,9,0,2,-4,3,0,20,31,-11,57392,1920,1080,1,918.272,0,delta
432358257,174955751,432358242,432358248,432358244,432358254,0,13,11,12,6,3,10,48,38,10,72093,1920,1080,1,54.928,0,delta
432358286,174958721,432358272,432358278,432358273,432358284,0,10,11,12,6,3,11,30,30,0,68811,1920,1080,1,47.8685,0,delta
432358321,174961691,432358307,432358313,432358309,432358318,0,12,9,11,5,3,9,34,35,-1,71969,1920,1080,1,60.6055,0,delta
432358352,174964661,432358337,432358343,432358339,432358349,0,9,10,12,6,3,10,31,30,1,62640,1920,1080,1,47.7257,0,delta
432358388,174967721,432358374,432358380,432358376,432358385,0,12,10,11,5,4,9,36,37,-1,72373,1920,1080,1,60.9457,0,delta
432358419,174970691,432358405,432358409,432358406,432358416,0,8,10,11,7,3,10,31,31,0,69790,1920,1080,1,53.1733,0,delta
432358453,174973661,432358439,432358443,432358440,432358449,0,9,9,10,6,4,9,33,34,-1,68690,1920,1080,1,57.8442,0,delta
432358485,174976721,432358470,432358476,432358471,432358482,0,8,11,12,6,3,11,33,31,2,65794,1920,1080,1,45.7697,0,delta
